name	Af_F_wh	Dm_F_ov	Dp_F_ab	Dp_F_hd	Dp_M_ab	Dp_M_hd	Dm_F_wh_L	Dm_F_wh_D	Dm_M_ts
mrps29	1	0	0	0	0	0	0	0	0
cac	1	0	0	0	0	0	0	0	0
sm	1	0	0	0	0	0	0	0	0
cg14160	1	0	0	0	0	0	0	0	0
cpt2	1	0	0	0	0	0	0	0	0
cyst	1	0	0	0	0	0	0	0	0
gr64a	1	0	0	0	0	0	0	0	0
cg4998	1	0	0	0	0	0	0	0	0
cg13833	1	0	0	0	0	1	0	1	0
ugt50b3	1	0	0	0	0	0	1	1	0
ccklr-17d1	1	0	0	0	0	0	0	0	0
ir100a	1	0	0	0	0	0	0	0	0
grau	1	0	0	0	0	0	0	0	0
unc-76	1	0	0	0	0	0	0	0	0
cg31663	1	0	0	0	0	0	0	0	0
npc2c	1	0	0	0	0	0	0	0	0
spel1	1	0	0	0	0	0	0	0	0
ugt302c1	1	0	0	0	0	0	0	0	0
cyp4d1	1	0	0	0	0	0	0	0	1
cyp9f2	1	0	0	0	0	0	0	0	0
hexo1	1	0	0	0	0	0	0	0	0
su(var)205	1	0	0	0	0	0	0	0	0
cg31683	1	0	0	0	0	0	0	0	0
cg17477	1	0	0	0	0	0	0	0	0
chinmo	1	0	0	0	0	0	0	0	0
cg7968	1	0	0	0	0	0	0	0	1
cg6277	1	0	0	0	0	0	0	0	1
cht8	1	0	0	0	0	0	0	0	0
cg18420	1	0	1	1	0	0	0	0	0
crq	1	0	0	0	0	0	0	0	0
cg17636	1	0	0	0	0	0	0	0	0
ea	1	0	0	0	0	0	0	0	0
cdc42	1	0	0	0	0	0	0	0	0
cg14661	1	0	0	0	1	0	0	1	0
cg9150	1	0	0	0	0	0	0	0	0
herc2	1	0	0	0	0	0	0	0	0
cg12056	1	0	0	0	0	0	0	0	0
cg8028	1	0	0	0	0	0	0	0	0
gnbp1	1	0	0	0	0	0	0	0	0
cyp9b1	1	0	0	0	0	0	0	0	0
cg30158	1	0	0	0	0	0	0	0	0
cg31106	1	0	0	0	0	0	0	0	0
frg1	1	0	0	0	0	0	0	0	0
cg4928	1	0	0	0	0	0	0	0	0
pxt	1	0	0	0	0	0	0	0	1
regucalcin	1	0	0	0	0	1	0	1	0
ance-5	1	0	0	1	0	1	1	0	0
rh6	1	0	0	0	0	0	0	0	0
cg15923	1	0	0	0	0	0	0	0	0
nep5	1	0	0	0	0	0	0	0	0
irsp53	1	0	0	0	0	0	0	0	0
cct6	1	0	0	0	0	0	0	1	0
cg30471	1	0	0	0	0	0	0	0	0
cg4572	1	0	0	0	0	0	0	0	0
cg17776	1	0	0	0	0	0	0	0	0
fmo-1	1	0	0	0	1	1	0	1	0
cpr57a	1	0	0	0	0	0	0	0	0
cg15744	1	0	0	0	0	0	0	0	0
spase12	1	0	0	0	0	0	0	0	0
clt	1	0	0	0	0	0	0	0	0
galphaq	1	0	0	0	0	0	0	0	0
cg43333	1	0	0	0	0	0	0	0	0
cg7252	1	0	0	0	0	0	0	0	0
rh5	1	0	0	0	0	0	0	0	1
gbeta76c	1	0	0	0	0	0	0	0	0
rh3	1	0	0	0	0	0	0	0	0
trpl	1	0	0	0	0	0	0	0	0
gnpnat	1	0	0	0	0	0	0	0	0
cg17272	1	0	0	0	0	0	0	0	0
dyrk2	1	0	0	0	0	0	0	0	0
cg9917	1	0	0	0	0	0	0	0	0
cg2004	1	0	0	0	0	0	0	0	0
rpl22-like	0	1	0	0	0	0	0	0	0
asrna:cr43614	0	1	0	0	0	0	0	0	0
uif	0	1	1	0	0	0	0	1	0
skpc	0	1	0	0	0	0	0	0	0
dany	0	1	0	0	0	0	0	0	0
tota	0	1	0	0	0	0	0	0	1
lncrna:cr44357	0	1	0	0	0	0	0	1	0
mur18b	0	1	0	0	1	0	1	0	0
cg13101	0	1	0	0	0	0	0	0	0
cg42857	0	1	0	0	0	0	0	0	0
cg13375	0	1	0	0	0	0	0	0	0
cg15408	0	1	0	0	0	0	0	0	0
cr14033	0	1	0	0	0	0	1	0	0
cg14292	0	1	0	0	0	0	1	1	0
cg14245	0	1	0	0	0	0	0	0	0
cg6602	0	1	0	0	1	0	0	0	0
cg17752	0	1	0	0	0	0	0	0	1
tut	0	1	0	0	0	0	0	0	0
mco1	0	1	0	1	0	0	0	0	0
cg15279	0	1	0	0	0	0	0	0	0
cg42235	0	1	0	0	0	0	0	0	1
cg14346	0	1	0	0	0	0	0	0	0
cg3270	0	1	0	0	0	1	0	0	0
nox	0	1	0	0	0	0	0	0	0
wtrw	0	1	0	0	0	0	0	0	0
otk2	0	1	0	0	0	0	0	0	0
lncrna:cr43250	0	1	0	0	0	0	0	0	0
jigr1	0	1	0	0	0	0	0	0	0
ilp8	0	1	1	0	0	0	0	0	0
cg17691	0	1	0	0	0	0	0	0	0
cg10237	0	1	0	0	0	0	0	0	0
ugt36e1	0	1	0	0	0	0	1	0	0
cpr76bd	0	1	0	0	0	0	0	0	0
cg18258	0	1	0	0	0	0	0	1	1
nompc	0	1	0	0	0	0	0	0	0
cyp6a13	0	1	0	0	0	0	0	0	0
nolo	0	1	0	0	0	0	1	0	0
lncrna:cr44285	0	1	0	0	0	0	0	0	0
cg40298	0	1	0	0	0	0	0	0	0
lime	0	1	0	0	0	0	0	0	0
cg5111	0	1	0	0	0	0	0	0	0
cg34445	0	1	0	0	0	0	0	0	0
obp44a	0	1	0	0	0	0	0	0	0
tpnc73f	0	1	1	0	0	0	0	0	0
scp1	0	1	0	0	0	0	0	1	0
mlc2	0	1	1	0	1	0	0	0	0
cg1544	0	1	0	1	0	0	0	0	0
neurochondrin	0	1	1	0	0	0	0	1	0
lncrna:cr44263	0	1	0	0	0	0	0	0	0
cg3831	0	1	0	0	0	0	0	0	0
dptb	0	0	1	1	0	0	0	0	1
attc	0	0	1	0	0	0	0	0	0
edin	0	0	1	0	0	0	0	0	0
attd	0	0	1	1	0	0	0	0	0
fln	0	0	1	0	1	0	0	0	1
lmpt	0	0	1	0	1	0	0	0	0
tpnc4	0	0	1	0	1	0	0	0	1
cg43897	0	0	1	0	1	0	0	1	0
zasp67	0	0	1	0	1	0	0	0	0
strn-mlck	0	0	1	0	1	0	0	1	0
bt	0	0	1	0	1	0	0	1	0
up	0	0	1	0	1	0	0	0	0
unc-89	0	0	1	0	1	0	0	1	0
cg11854	0	0	1	0	0	0	0	0	0
zasp52	0	0	1	0	1	0	0	1	0
frac	0	0	1	0	0	0	0	1	0
cg5687	0	0	1	0	0	0	0	1	0
faro	0	0	1	0	0	0	0	0	0
gsts1	0	0	1	0	0	0	0	0	0
mpcp1	0	0	1	0	1	0	0	0	0
cg4017	0	0	1	0	0	0	0	0	0
pirk	0	0	1	0	0	0	0	0	0
cg8888	0	0	1	0	0	0	0	0	0
cg18304	0	0	1	0	1	0	0	0	0
eef1alpha2	0	0	1	0	1	0	0	0	0
l(2)01289	0	0	1	0	1	0	0	0	0
cg31140	0	0	1	0	0	0	0	0	0
cg32333	0	0	1	0	1	0	0	0	0
uro	0	0	1	0	0	0	0	0	0
lubel	0	0	1	0	1	0	0	1	0
mhc	0	0	1	0	1	0	0	0	0
ance-3	0	0	1	0	0	0	0	0	0
cg15617	0	0	1	0	1	0	0	0	0
nckx30c	0	0	1	0	0	0	0	0	0
pkcdelta	0	0	1	0	0	0	0	1	0
cg1136	0	0	1	0	0	0	0	1	0
cg9400	0	0	1	0	0	0	0	0	0
cg15043	0	0	1	0	0	0	0	0	1
ryr	0	0	1	0	0	0	0	1	0
gpo1	0	0	1	0	1	0	0	1	0
cg13311	0	0	1	0	0	0	0	0	0
clumsy	0	0	1	0	1	0	0	1	0
cg9812	0	0	1	0	0	0	0	1	0
cg1674	0	0	1	0	1	0	0	1	0
cg32521	0	0	1	0	0	0	0	0	0
cg34462	0	0	1	0	0	0	0	0	0
yellow-b	0	0	1	0	0	0	0	0	0
ds	0	0	1	0	0	0	0	0	0
hsc70-1	0	0	1	0	1	0	0	1	0
octalpha2r	0	0	1	0	0	0	0	0	0
brp	0	0	1	0	0	0	0	0	0
sals	0	0	1	0	0	0	0	1	0
shaw	0	0	1	0	0	0	0	0	0
c(3)g	0	0	1	0	0	0	1	0	0
mlp60a	0	0	1	0	1	0	0	1	0
cg10505	0	0	1	0	0	0	0	0	0
alk	0	0	1	0	0	0	0	0	0
p38c	0	0	1	0	0	0	0	0	0
ko	0	0	1	0	0	0	0	0	0
msp300	0	0	1	0	1	0	0	0	0
actn	0	0	1	0	1	0	0	0	0
doa	0	0	1	0	1	0	0	0	0
mlc1	0	0	1	0	1	0	0	0	0
nfi	0	0	1	0	0	0	0	0	0
cg11835	0	0	1	0	1	0	0	0	0
lrp4	0	0	1	0	0	0	0	0	0
cg42700	0	0	1	0	0	0	0	0	0
bnb	0	0	1	0	0	0	0	0	0
cana1	0	0	1	0	0	0	0	0	0
cg18067	0	0	1	0	0	0	0	0	0
smyda-1	0	0	1	0	0	0	0	0	0
fuca	0	0	1	0	0	0	0	0	0
cg14964	0	0	1	0	0	0	0	0	0
jbug	0	0	1	0	0	0	0	0	0
e	0	0	1	0	0	0	0	0	0
cg10359	0	0	1	0	0	0	0	0	0
if	0	0	1	0	0	0	0	0	0
cg45263	0	0	1	0	0	0	0	0	0
cg9372	0	0	1	0	0	0	0	0	0
prm	0	0	1	0	1	0	0	0	0
cg7194	0	0	1	0	0	0	0	0	0
tn	0	0	1	0	1	0	0	1	0
cg42390	0	0	1	0	1	0	0	0	0
cg14949	0	0	1	0	0	0	0	0	1
cg44245	0	0	1	0	0	0	0	1	0
cg10211	0	0	1	0	0	0	0	0	0
nplp3	0	0	1	0	0	0	0	0	1
cg5397	0	0	1	0	0	1	0	0	0
smyda-9	0	0	1	0	0	0	0	1	0
bond	0	0	1	0	0	0	0	0	0
wupa	0	0	1	0	1	0	0	0	0
grip	0	0	1	0	0	0	0	0	0
tm2	0	0	1	0	1	0	0	0	0
cbp53e	0	0	1	0	0	0	0	0	0
cg43078	0	0	1	0	1	0	0	0	0
cg4000	0	0	1	0	1	0	0	0	0
cg5028	0	0	1	0	1	0	0	0	0
cona	0	0	1	0	0	0	0	0	0
tnc	0	0	1	0	0	0	0	0	0
adamts-b	0	0	1	0	0	0	0	0	0
sarm	0	0	1	0	0	0	0	0	0
tsf3	0	0	1	0	0	0	0	0	0
rgn	0	0	1	0	1	0	0	0	0
pxn	0	0	1	0	0	0	0	1	0
form3	0	0	1	0	0	0	0	0	0
cg5758	0	0	1	0	0	0	0	0	0
cg31821	0	0	1	0	0	0	0	0	1
unc-115b	0	0	1	0	0	0	0	0	0
cg5177	0	0	1	0	0	0	0	1	0
eya	0	0	1	0	0	0	0	0	0
epsilontry	0	0	1	0	1	0	0	0	0
cg9416	0	0	1	0	0	0	0	0	0
ca-ma2d	0	0	1	0	1	0	0	0	0
cg33521	0	0	1	0	1	0	0	1	0
chkov2	0	0	1	0	0	0	0	0	0
zasp66	0	0	1	0	0	0	0	1	0
naat1	0	0	1	0	0	0	0	0	0
sema2b	0	0	1	0	0	0	0	0	0
gs2	0	0	1	0	0	0	0	1	0
pif1b	0	0	1	0	0	0	0	0	0
cg7888	0	0	1	0	0	0	0	0	0
gasp	0	0	1	0	1	0	0	0	0
cg10737	0	0	1	0	0	0	0	1	0
cg44098	0	0	1	0	0	0	0	0	0
cg8740	0	0	1	0	1	0	0	0	0
obp56d	0	0	1	0	1	1	0	1	0
cg13506	0	0	1	0	1	0	0	1	0
chas	0	0	1	0	0	0	0	0	0
pif1a	0	0	1	0	0	0	0	0	0
sp1029	0	0	1	0	0	0	0	0	0
mf	0	0	1	0	0	0	0	1	0
ald1	0	0	1	0	1	0	0	0	0
cda5	0	0	1	0	1	0	0	0	0
cg17111	0	0	1	0	0	0	0	1	0
cg12814	0	0	1	0	0	0	0	1	0
ebpiii	0	0	1	1	1	1	0	1	0
esyt2	0	0	1	0	0	0	0	0	0
cg3630	0	0	1	0	1	0	0	1	0
tep4	0	0	1	0	0	0	0	0	0
kdn	0	0	1	0	1	0	0	0	0
unc-115a	0	0	1	0	0	0	0	1	0
cg7720	0	0	1	0	0	0	1	0	0
cg17839	0	0	1	0	0	0	0	0	0
idgf4	0	0	1	0	0	0	0	0	0
cap	0	0	1	0	0	0	0	0	0
ppn	0	0	1	0	0	0	0	0	0
cg18596	0	0	1	0	0	0	0	0	0
axo	0	0	1	0	0	0	0	0	0
acp1	0	0	1	0	0	0	0	0	0
mipp1	0	0	1	0	0	0	0	0	0
gyg	0	0	1	0	1	0	0	0	0
tep3	0	0	1	0	0	0	0	1	0
tig	0	0	1	0	0	0	0	0	0
cpr62bb	0	0	1	0	0	0	0	1	0
cg17732	0	0	1	0	0	0	0	0	0
idh3b	0	0	1	0	0	0	0	0	0
mlp84b	0	0	1	0	0	0	0	1	0
cg45076	0	0	1	0	0	0	0	1	0
sp1173	0	0	1	0	0	0	0	1	0
cg1143	0	0	1	0	0	0	0	0	0
fili	0	0	1	0	0	0	0	0	0
jon65aiv	0	0	1	0	0	0	0	0	1
cg11073	0	0	1	0	0	0	0	1	0
cg16791	0	0	1	0	0	0	0	0	0
idh3a	0	0	1	0	1	0	0	0	0
cg5945	0	0	1	0	0	1	0	1	0
mhcl	0	0	1	0	1	0	0	0	0
cpr67b	0	0	1	0	0	0	0	1	1
msr-110	0	0	1	0	0	0	0	0	0
atilla	0	0	1	0	0	0	0	1	0
mgl	0	0	1	0	0	0	0	0	0
rfesp	0	0	1	0	0	0	0	0	0
macon1	0	0	1	0	0	0	0	0	0
cg14207	0	0	1	0	0	0	0	0	0
shot	0	0	1	0	1	0	0	0	0
ceng1a	0	0	1	0	0	0	0	0	0
lanb2	0	0	1	0	0	0	0	0	0
vkg	0	0	1	0	0	0	0	0	0
cyt-c1	0	0	1	0	1	0	0	0	0
lana	0	0	1	0	0	0	0	0	0
col4a1	0	0	1	0	0	0	0	0	0
fer2lch	0	0	1	0	0	0	0	0	0
pdha	0	0	1	0	0	0	0	0	0
fry	0	0	1	0	0	0	0	0	0
cg11147	0	0	1	0	0	0	0	0	0
jon66cii	0	0	1	0	0	0	0	0	0
tobi	0	0	1	0	1	0	0	0	0
cg3739	0	0	1	0	1	0	0	0	1
lmanvi	0	0	1	0	0	0	0	0	1
cg8093	0	0	1	0	0	0	0	0	1
lmaniii	0	0	1	0	0	0	0	0	1
dnapol-alpha73	0	0	1	0	0	0	0	0	0
jon99ci	0	0	1	1	0	0	0	0	1
alp8	0	0	1	0	1	0	0	0	0
dhd	0	0	1	0	0	0	0	0	0
cg14931	0	0	1	0	0	0	0	0	0
mtrm	0	0	1	0	0	0	0	0	0
hsp26	0	0	1	0	1	0	1	0	0
cg4949	0	0	1	0	0	0	0	0	0
cg17658	0	0	1	0	0	0	0	0	0
ccha2	0	0	1	0	0	1	0	0	0
twe	0	0	1	0	0	0	0	0	0
swa	0	0	1	0	0	0	0	0	0
fzy	0	0	1	0	0	0	0	0	0
e(y)2b	0	0	1	0	0	0	0	0	0
elba2	0	0	1	0	0	0	0	0	0
exu	0	0	1	0	0	0	0	0	0
cg10623	0	0	1	0	0	0	1	0	0
cg6752	0	0	1	0	0	0	0	0	0
dgt5	0	0	1	0	0	0	0	0	0
nos	0	0	1	0	0	0	0	0	0
bace	0	0	1	0	0	0	0	0	0
cg8097	0	0	1	0	0	0	1	0	0
stai	0	0	1	0	0	0	0	0	0
tfb4	0	0	1	0	0	0	0	0	0
cycb3	0	0	1	0	0	0	0	0	0
slam	0	0	1	0	0	0	0	0	0
cg2990	0	0	1	0	0	0	0	0	0
rpk	0	0	1	0	0	0	0	0	0
dup	0	0	1	0	0	0	0	0	0
wrnexo	0	0	1	0	0	0	0	0	0
cort	0	0	1	0	0	0	0	0	0
dlip3	0	0	1	0	0	0	0	0	0
cg16926	0	0	1	1	1	0	0	0	0
tre1	0	0	1	0	0	0	0	0	0
alphatub67c	0	0	1	0	0	0	0	0	1
cg4991	0	0	1	0	0	0	0	0	0
cg18213	0	0	1	0	0	0	0	0	0
cg6479	0	0	1	0	0	0	0	0	0
ripalpha	0	0	1	0	0	0	0	0	0
jabba	0	0	1	0	0	1	0	0	0
dgt3	0	0	1	0	0	0	0	0	0
mcm10	0	0	1	0	0	0	0	0	0
cg6927	0	0	1	0	0	0	0	0	0
psf3	0	0	1	0	0	0	0	0	0
tos	0	0	1	0	0	0	0	0	0
png	0	0	1	0	0	0	0	0	0
bicc	0	0	1	0	0	0	0	0	0
cg7730	0	0	1	0	0	0	0	0	0
cg7156	0	0	1	0	0	0	0	0	0
pen	0	0	1	0	0	0	0	0	0
spt4	0	0	1	0	0	0	0	0	0
fs(1)ya	0	0	1	0	0	0	0	0	0
gcl	0	0	1	0	0	0	0	0	0
alp5	0	0	1	0	0	0	0	0	0
cdc45	0	0	1	0	0	0	0	0	0
cg4476	0	0	1	0	0	0	0	0	0
spd-2	0	0	1	0	0	0	0	0	0
plzf	0	0	1	0	0	0	0	0	0
cg18190	0	0	1	0	0	0	0	0	0
fz	0	0	1	0	0	0	0	1	0
cg6693	0	0	1	0	0	0	0	0	0
tor	0	0	1	0	0	0	0	0	0
t48	0	0	1	0	0	0	0	0	0
yin	0	0	1	0	0	0	0	0	0
cbp	0	0	1	0	0	0	0	0	0
rpa2	0	0	1	0	0	0	0	0	0
cg32579	0	0	1	0	0	0	0	0	0
cg44774	0	0	1	0	0	0	0	0	0
mnd	0	0	1	0	0	0	0	0	0
dnk	0	0	1	0	0	0	0	0	0
rost	0	0	1	1	0	1	0	0	0
bigh1	0	0	1	0	0	0	0	0	0
pigeon	0	0	1	0	0	0	0	0	0
cg13025	0	0	1	0	0	0	0	0	0
mos	0	0	1	0	0	0	0	0	0
cg8180	0	0	1	0	0	0	0	0	0
cad	0	0	1	0	0	0	0	1	0
gus	0	0	1	0	0	0	0	0	0
dmpd	0	0	1	0	0	0	0	0	0
cg5757	0	0	1	0	0	0	0	0	0
pbl	0	0	1	0	0	0	0	0	0
cg12795	0	0	1	0	0	0	0	0	0
heix	0	0	1	0	0	0	0	0	0
npc2a	0	0	1	0	0	0	0	1	0
hr38	0	0	1	0	0	0	0	0	0
cg2224	0	0	1	0	0	0	0	0	0
mapmodulin	0	0	1	0	0	1	0	0	0
hat1	0	0	1	0	0	0	0	0	0
cg13339	0	0	1	0	0	0	0	0	0
pie	0	0	1	0	0	0	0	0	0
apkc	0	0	1	0	0	0	0	0	0
pig-f	0	0	1	0	0	0	0	0	0
cg10621	0	0	1	0	0	0	0	0	0
rnrs	0	0	1	0	0	0	0	0	0
cib	0	0	1	0	0	0	1	0	0
cg8569	0	0	1	0	0	0	0	0	0
xpc	0	0	1	0	0	0	0	0	0
endob	0	0	1	0	0	0	0	0	0
fs(2)ket	0	0	1	0	0	0	0	0	0
lok	0	0	1	0	0	0	0	0	0
cg8155	0	0	1	0	0	0	0	0	0
polo	0	0	1	0	0	0	0	0	0
grip84	0	0	1	0	0	0	0	0	0
atg13	0	0	1	0	0	0	0	0	0
yl	0	0	1	0	0	0	0	1	0
cg2889	0	0	1	0	0	0	0	0	0
ctl2	0	0	1	0	0	0	1	0	0
egg	0	0	1	0	0	0	0	0	0
men	0	0	1	0	0	0	0	0	0
cg13398	0	0	1	0	0	0	0	0	0
sac1	0	0	1	0	0	0	0	0	0
ova	0	0	1	0	0	0	0	0	0
cg7900	0	0	1	0	0	0	1	0	1
prip	0	0	1	0	0	0	0	0	0
cg8507	0	0	1	0	0	0	0	0	0
mer	0	0	1	0	0	0	0	0	0
npl4	0	0	1	0	0	0	1	0	0
usp30	0	0	1	0	0	0	0	0	0
cg1943	0	0	1	0	0	0	0	0	0
hop	0	0	1	0	0	0	0	0	0
ssh	0	0	1	0	0	0	0	0	0
l(1)g0289	0	0	0	1	0	0	0	0	0
cg11449	0	0	0	1	0	0	0	0	0
cg16820	0	0	0	1	0	1	0	0	0
cg11438	0	0	0	1	0	0	0	0	0
gol	0	0	0	1	0	0	0	0	0
prom	0	0	0	1	0	0	0	0	0
eys	0	0	0	1	0	0	0	0	0
chp	0	0	0	1	0	0	0	0	0
ninag	0	0	0	1	0	0	0	0	0
norpa	0	0	0	1	0	0	0	0	0
pip82	0	0	0	1	0	0	0	0	0
boss	0	0	0	1	0	0	0	0	0
slob	0	0	0	1	0	0	0	0	0
fbxl4	0	0	0	1	0	0	0	0	0
ninac	0	0	0	1	0	0	0	0	1
cg10962	0	0	0	1	0	0	1	0	0
cg5966	0	0	0	1	0	0	0	0	0
cg12560	0	0	0	1	0	1	0	0	0
cg14630	0	0	0	1	0	0	0	0	0
sph93	0	0	0	1	0	1	0	0	0
cg5390	0	0	0	1	1	1	0	0	0
cg16965	0	0	0	1	0	0	0	0	0
nmdmc	0	0	0	1	0	0	0	0	0
pepck1	0	0	0	1	0	0	0	0	0
fmo-2	0	0	0	1	0	1	0	0	0
pug	0	0	0	1	0	1	0	0	0
shmt	0	0	0	1	1	1	0	0	0
gal	0	0	0	1	0	0	0	0	0
cg32687	0	0	0	1	1	1	0	0	0
cg17571	0	0	0	1	0	0	0	0	1
cyp309a2	0	0	0	1	0	1	0	0	0
cg18003	0	0	0	1	1	1	0	0	0
uk114	0	0	0	1	1	1	0	0	0
tsp42ec	0	0	0	1	0	0	0	0	0
cg1213	0	0	0	1	0	0	0	0	0
asp	0	0	0	1	0	0	0	0	0
ugt35c1	0	0	0	1	0	1	0	0	0
seccl	0	0	0	1	0	0	0	1	0
letm1	0	0	0	1	0	0	0	0	0
ugt303a1	0	0	0	1	0	0	0	0	0
cg30280	0	0	0	1	0	0	0	0	0
cg8708	0	0	0	1	0	0	0	0	0
gnbp-like3	0	0	0	1	0	1	0	0	0
cg42249	0	0	0	1	0	0	0	0	1
inx7	0	0	0	1	0	0	0	0	0
sardh	0	0	0	1	0	1	0	0	0
spat	0	0	0	1	0	1	0	0	0
cg14787	0	0	0	1	0	0	0	0	0
lmanii	0	0	0	1	0	1	0	0	1
cyp6t1	0	0	0	1	0	0	0	0	0
cyt-b5-r	0	0	0	1	0	1	0	0	0
cyp4p3	0	0	0	1	1	1	0	0	0
aldh	0	0	0	1	0	1	0	0	0
cyp6d5	0	0	0	1	1	1	0	0	0
cg30281	0	0	0	1	0	0	0	0	0
paics	0	0	0	1	0	1	0	0	0
fbp1	0	0	0	1	1	0	0	0	1
fatp3	0	0	0	1	0	0	0	0	0
cg8654	0	0	0	1	0	0	0	1	0
cg4607	0	0	0	1	0	1	0	0	0
npc2f	0	0	0	1	1	0	0	0	1
cg5707	0	0	0	1	0	0	0	1	0
cg5819	0	0	0	1	0	0	0	0	0
cg6034	0	0	0	1	1	1	0	0	0
cg16758	0	0	0	1	0	0	0	0	0
hex-c	0	0	0	1	1	1	0	0	0
cyp12d1-p	0	0	0	1	0	0	0	0	0
acc	0	0	0	1	0	1	0	0	0
ppl	0	0	0	1	0	1	0	0	0
obp56a	0	0	0	1	0	1	0	0	0
srr	0	0	0	1	0	0	0	0	0
cg10863	0	0	0	1	0	1	0	0	0
nep6	0	0	0	1	1	1	0	0	0
cg4716	0	0	0	1	1	1	0	0	0
cg17597	0	0	0	1	0	0	0	0	0
mtp	0	0	0	1	0	1	0	0	0
cmet	0	0	0	1	0	0	0	0	0
cyp6g1	0	0	0	1	0	1	0	0	0
cg5849	0	0	0	1	0	0	0	0	0
cg6484	0	0	0	1	1	1	0	0	0
est-6	0	0	0	1	0	1	0	0	1
his2b:cg33910	0	0	0	1	0	0	0	0	0
glob1	0	0	0	1	0	1	0	0	0
pfas	0	0	0	1	0	0	0	0	0
scu	0	0	0	1	0	0	0	0	0
cg14823	0	0	0	1	1	0	0	0	0
cg2811	0	0	0	1	0	1	0	0	0
galt	0	0	0	1	0	0	0	0	0
echs1	0	0	0	1	0	0	0	0	0
cg11893	0	0	0	1	0	0	0	0	0
cg7966	0	0	0	1	1	0	0	0	0
cg5493	0	0	0	1	0	1	0	0	0
gk2	0	0	0	1	0	0	0	0	0
cg7227	0	0	0	1	0	1	0	0	0
cg11089	0	0	0	1	0	0	0	0	0
cg3902	0	0	0	1	0	0	0	0	0
nepl17	0	0	0	1	0	0	0	0	0
prat2	0	0	0	1	0	0	0	0	0
p5cr-2	0	0	0	1	0	0	0	0	0
accoas	0	0	0	1	1	1	0	0	0
rpl27	0	0	0	1	0	0	0	0	0
rpl36	0	0	0	1	0	0	0	0	0
pdh	0	0	0	1	0	1	0	0	0
akr1b	0	0	0	1	0	1	1	0	0
rpl26	0	0	0	1	0	0	0	0	0
mthfs	0	0	0	1	0	1	0	0	0
d2hgdh	0	0	0	1	0	0	0	1	0
yellow-f2	0	0	0	1	1	1	0	0	0
ahcy	0	0	0	1	0	1	0	0	0
cg7470	0	0	0	1	0	1	0	0	0
ugt36a1	0	0	0	1	0	1	0	0	0
rps27	0	0	0	1	0	1	0	0	0
aay	0	0	0	1	0	0	0	0	0
glt	0	0	0	1	0	1	0	0	0
yip2	0	0	0	1	0	0	0	0	0
cyp12a4	0	0	0	1	0	0	0	0	0
mino	0	0	0	1	1	1	0	0	0
mcad	0	0	0	1	0	0	0	0	0
sea	0	0	0	1	0	0	0	0	0
cg11594	0	0	0	1	0	1	0	0	0
rpl31	0	0	0	1	0	0	0	0	0
cg7834	0	0	0	1	0	1	0	0	0
mp1	0	0	0	1	0	1	0	0	0
eef1alpha1	0	0	0	1	0	1	0	0	0
cg5171	0	0	0	1	1	1	0	1	0
rpl34b	0	0	0	1	0	0	0	0	0
tctp	0	0	0	1	0	0	0	0	0
rpl21	0	0	0	1	0	0	0	0	0
eef1gamma	0	0	0	1	0	0	0	0	0
sta	0	0	0	1	0	0	0	0	0
rpl5	0	0	0	1	0	0	0	0	0
cg18135	0	0	0	1	0	1	0	0	0
fasn1	0	0	0	1	1	1	0	0	0
irc	0	0	0	1	0	1	0	0	0
cg5126	0	0	0	1	0	0	0	0	0
tps1	0	0	0	1	0	0	0	0	0
cg10932	0	0	0	1	0	0	0	0	0
cg44243	0	0	0	1	0	0	0	0	0
idgf6	0	0	0	1	1	1	0	0	0
rps4	0	0	0	1	0	1	0	0	0
fat-spondin	0	0	0	1	0	1	0	0	0
aox1	0	0	0	1	0	1	0	0	0
rps5a	0	0	0	1	0	0	0	0	0
kyat	0	0	0	1	1	0	0	0	0
cg40191	0	0	0	1	0	0	0	0	0
bgm	0	0	0	1	1	1	0	0	0
rps20	0	0	0	1	0	0	0	0	0
pcb	0	0	0	1	0	1	0	0	0
nurf-38	0	0	0	1	0	1	0	0	0
fon	0	0	0	1	0	1	0	0	0
cg1354	0	0	0	1	0	0	0	0	0
apoltp	0	0	0	1	0	1	0	0	0
scpx	0	0	0	1	0	1	0	0	0
rps9	0	0	0	1	0	0	1	0	0
spn-e	0	0	0	1	0	0	0	0	0
wal	0	0	0	1	0	0	0	0	0
rpl13a	0	0	0	1	0	0	0	0	0
rpl19	0	0	0	1	0	0	0	0	0
indy	0	0	0	1	0	0	0	0	0
rpl17	0	0	0	1	0	0	0	0	0
rps15	0	0	0	1	0	0	0	0	0
rps19a	0	0	0	1	0	0	0	0	0
cg15096	0	0	0	1	0	0	0	0	0
cg1927	0	0	0	1	0	0	0	0	0
obp99c	0	0	0	1	0	1	0	0	0
nap1	0	0	0	1	0	0	0	0	0
rpl23	0	0	0	1	0	0	0	0	0
rps27a	0	0	0	1	0	0	0	0	0
fkbp12	0	0	0	1	1	1	0	0	0
spn43ab	0	0	0	1	1	1	0	0	0
acer	0	0	0	1	0	1	0	0	0
rel	0	0	0	1	0	0	0	0	0
rpl28	0	0	0	1	0	0	0	0	0
whd	0	0	0	1	0	1	0	0	0
eef5	0	0	0	1	0	0	0	0	0
rpl15	0	0	0	1	0	0	0	0	0
rps23	0	0	0	1	0	0	0	0	0
eas	0	0	0	1	0	0	0	0	0
gel	0	0	0	1	0	1	0	0	0
rpl3	0	0	0	1	0	0	0	0	0
rack1	0	0	0	1	0	0	0	0	0
mdh1	0	0	0	1	1	1	0	0	0
cyt-b5	0	0	0	1	0	1	0	0	0
eef2	0	0	0	1	0	0	0	0	0
rps6	0	0	0	1	0	0	0	0	0
rpl14	0	0	0	1	0	0	0	0	0
rps3a	0	0	0	1	0	0	0	0	0
cyp4e3	0	0	0	0	1	0	0	0	0
lysd	0	0	0	0	1	0	0	0	0
cg34458	0	0	0	0	1	0	0	0	0
cg15628	0	0	0	0	1	0	1	0	1
syt1	0	0	0	0	1	0	0	0	0
npc2e	0	0	0	0	1	0	0	0	1
cg14340	0	0	0	0	1	0	0	0	0
cg16826	0	0	0	0	1	0	0	0	0
grik	0	0	0	0	1	0	0	0	0
chea75a	0	0	0	0	1	0	0	0	0
ag5r	0	0	0	0	1	0	0	0	1
nazo	0	0	0	0	1	0	0	0	0
smyda-7	0	0	0	0	1	0	0	0	0
cg6972	0	0	0	0	1	0	0	1	0
cg34203	0	0	0	0	1	0	0	0	1
cg13920	0	0	0	0	1	0	0	1	0
jp	0	0	0	0	1	0	0	0	0
lmani	0	0	0	0	1	0	0	0	1
cg4962	0	0	0	0	1	0	0	0	0
ptp36e	0	0	0	0	1	0	0	0	0
cg4239	0	0	0	0	1	0	0	1	0
smyda-3	0	0	0	0	1	0	0	0	0
serca	0	0	0	0	1	0	0	1	0
cad86c	0	0	0	0	1	0	0	0	0
asns	0	0	0	0	1	0	0	0	0
skd	0	0	0	0	1	0	0	1	0
inr	0	0	0	0	1	0	0	0	0
cg15080	0	0	0	0	1	0	0	0	0
alp12	0	0	0	0	1	0	0	0	0
sesb	0	0	0	0	1	0	0	0	0
mical	0	0	0	0	1	0	0	0	0
sdha	0	0	0	0	1	0	0	0	0
nc73ef	0	0	0	0	1	0	0	0	0
cg13185	0	0	0	0	1	0	0	0	0
kug	0	0	0	0	1	0	0	0	0
cg12115	0	0	0	0	1	0	0	0	0
cg16756	0	0	0	0	1	1	0	0	0
sodh-2	0	0	0	0	1	1	0	0	0
fbp2	0	0	0	0	1	0	0	0	0
cg33301	0	0	0	0	1	0	0	0	1
cg15343	0	0	0	0	1	0	0	0	0
mal-a4	0	0	0	0	1	0	0	0	1
cg31091	0	0	0	0	1	0	0	0	0
iotatry	0	0	0	0	1	0	0	0	1
cg7214	0	0	0	0	1	0	0	1	0
lsp1beta	0	0	0	0	1	0	1	0	0
cg14963	0	0	0	0	1	0	0	0	0
adhr	0	0	0	0	1	0	0	0	0
cyp311a1	0	0	0	0	1	0	0	0	1
cg2772	0	0	0	0	1	0	0	0	0
cg34256	0	0	0	0	1	0	0	0	0
spn42da	0	0	0	0	1	0	0	0	0
obp99b	0	0	0	0	1	1	0	0	0
cg11977	0	0	0	0	1	0	0	0	0
dnaj-1	0	0	0	0	1	0	0	0	0
cg31463	0	0	0	0	1	0	0	0	1
cg33306	0	0	0	0	1	0	0	0	1
cg31636	0	0	0	0	1	0	0	0	0
amyrel	0	0	0	0	1	0	0	0	0
hsp27	0	0	0	0	1	0	0	0	0
cht4	0	0	0	0	1	0	0	0	0
cg33259	0	0	0	0	1	0	0	0	0
cg7025	0	0	0	0	1	0	0	0	1
sgp	0	0	0	0	1	0	0	0	0
ppo2	0	0	0	0	1	0	0	1	0
cg4036	0	0	0	0	1	0	0	0	0
alp6	0	0	0	0	1	0	0	0	0
cg15534	0	0	0	0	1	0	0	0	1
cg2187	0	0	0	0	1	0	0	0	0
cg1368	0	0	0	0	1	0	0	1	0
agbe	0	0	0	0	1	1	0	0	0
ru	0	0	0	0	1	0	0	0	0
cg11037	0	0	0	0	1	0	0	0	0
cah5	0	0	0	0	1	0	0	0	0
acp53c14c	0	0	0	0	1	0	0	0	0
cg3397	0	0	0	0	1	1	0	0	0
cg9500	0	0	0	0	1	0	0	0	0
cg34129	0	0	0	0	1	0	0	0	0
cdip	0	0	0	0	1	1	0	0	0
sfp84e	0	0	0	0	1	0	0	0	0
cg32573	0	0	0	0	1	0	0	0	0
cg7997	0	0	0	0	1	1	0	0	0
cg7668	0	0	0	0	1	0	0	0	0
jhe	0	0	0	0	1	0	0	0	0
stv	0	0	0	0	1	0	0	0	0
ppo1	0	0	0	0	1	0	0	0	0
gste9	0	0	0	0	1	1	0	0	0
cg6788	0	0	0	0	1	0	0	0	0
cg18478	0	0	0	0	1	0	0	0	0
spla2	0	0	0	0	1	1	0	0	0
cdase	0	0	0	0	1	0	0	0	0
smp-30	0	0	0	0	1	1	0	0	0
cg6125	0	0	0	0	1	0	0	0	0
lectin-37da	0	0	0	0	1	0	0	0	0
cg18747	0	0	0	0	1	0	0	0	0
bombc2	0	0	0	0	1	1	0	0	0
cg15199	0	0	0	0	1	1	0	0	0
cg14204	0	0	0	0	1	0	0	0	0
esp	0	0	0	0	1	0	0	0	0
acp29ab	0	0	0	0	1	0	0	0	0
hn	0	0	0	0	1	1	0	0	0
cg1208	0	0	0	0	1	0	0	0	0
to	0	0	0	0	1	0	0	0	0
cg31659	0	0	0	0	1	0	0	0	0
cg3734	0	0	0	0	1	0	0	0	1
cg7322	0	0	0	0	1	1	0	0	0
cg15873	0	0	0	0	1	0	0	0	0
ance	0	0	0	0	1	0	0	0	0
cg31419	0	0	0	0	1	0	0	0	0
cg9673	0	0	0	0	1	0	0	0	1
jafrac2	0	0	0	0	1	0	0	0	0
idi	0	0	0	0	1	0	0	0	0
taldo	0	0	0	0	1	1	0	0	0
aqrs	0	0	0	0	1	0	0	0	0
cg18493	0	0	0	0	1	0	0	1	1
culd	0	0	0	0	1	0	0	0	0
cg4666	0	0	0	0	1	0	0	0	0
mag	0	0	0	0	1	0	0	0	1
cg12057	0	0	0	0	1	0	0	0	1
cg6012	0	0	0	0	1	0	0	0	0
cyp4e2	0	0	0	0	1	0	0	0	0
cg7328	0	0	0	0	1	0	0	0	0
cg18249	0	0	0	0	1	0	0	0	0
chop24	0	0	0	0	1	0	0	0	0
cg10560	0	0	0	0	1	0	0	0	0
cyp4s3	0	0	0	0	1	1	0	0	0
cg6330	0	0	0	0	1	1	0	0	0
acp65aa	0	0	0	0	1	0	0	0	1
npc2h	0	0	0	0	1	1	0	0	0
cg18302	0	0	0	0	1	0	0	0	0
cg31021	0	0	0	0	1	0	0	0	0
cpr49ae	0	0	0	0	1	1	0	0	0
cg5770	0	0	0	0	1	0	0	0	0
cg14629	0	0	0	0	1	1	0	0	0
cg8661	0	0	0	0	1	0	0	0	0
cg30151	0	0	0	0	1	0	0	0	1
zw	0	0	0	0	1	0	0	0	0
cg31323	0	0	0	0	1	0	0	0	0
cg3301	0	0	0	0	1	1	0	0	0
desat2	0	0	0	0	1	0	0	0	0
gnmt	0	0	0	0	1	0	0	0	0
cg43111	0	0	0	0	1	0	0	0	0
cg8299	0	0	0	0	1	0	0	0	1
nepl6	0	0	0	0	1	1	0	0	0
adh	0	0	0	0	1	1	0	0	0
cg1827	0	0	0	0	1	0	1	0	0
cg16727	0	0	0	0	1	0	0	0	0
spe	0	0	0	0	1	1	0	0	0
ptpmt1	0	0	0	0	1	0	0	0	0
mec2	0	0	0	0	1	0	0	0	0
ugp	0	0	0	0	1	1	1	0	0
cyp6d2	0	0	0	0	1	0	0	0	0
eglp4	0	0	0	0	1	1	0	0	0
qsox1	0	0	0	0	1	0	0	0	0
cg5162	0	0	0	0	1	0	0	0	0
cg15531	0	0	0	0	1	0	0	1	0
gstt4	0	0	0	0	1	0	0	0	0
twr	0	0	0	0	1	0	0	0	0
cg17271	0	0	0	0	1	0	0	0	0
cg14615	0	0	0	0	1	0	0	0	0
cg34130	0	0	0	0	1	0	0	0	0
spn75f	0	0	0	0	1	0	0	0	0
cg31751	0	0	0	0	1	0	0	0	0
pgd	0	0	0	0	1	1	0	0	0
cg34002	0	0	0	0	1	0	0	0	0
cyp1	0	0	0	0	1	0	0	0	0
cg17919	0	0	0	0	1	0	0	0	0
cg4174	0	0	0	0	1	0	0	0	0
cg10651	0	0	0	0	1	0	0	0	0
cg15358	0	0	0	0	1	0	0	0	0
cg8036	0	0	0	0	1	1	0	0	0
cg31266	0	0	0	0	1	0	0	1	1
grx1	0	0	0	0	1	0	0	0	0
rps17	0	0	0	0	1	0	0	0	0
cg18233	0	0	0	0	1	0	0	0	0
cg6726	0	0	0	0	1	0	0	0	0
cpr49ab	0	0	0	0	1	0	0	0	0
qsox2	0	0	0	0	1	0	0	0	0
cg8420	0	0	0	0	1	0	0	0	0
prx2540-1	0	0	0	0	1	0	0	0	0
cg9953	0	0	0	0	1	0	0	0	0
cg13965	0	0	0	0	1	0	0	0	0
cg10912	0	0	0	0	1	0	0	0	1
spn28dc	0	0	0	0	1	1	0	0	0
cg9485	0	0	0	0	1	1	0	0	0
spase25	0	0	0	0	1	0	0	0	0
muc18b	0	0	0	0	1	0	0	0	0
atpcl	0	0	0	0	1	0	0	0	0
26-29-p	0	0	0	0	1	0	0	0	0
antr	0	0	0	0	1	0	0	0	0
mdr49	0	0	0	0	1	0	0	0	0
cg10822	0	0	0	0	1	0	0	0	0
cndp2	0	0	0	0	1	0	0	0	0
casp	0	0	0	0	1	0	0	0	0
cg13492	0	0	0	0	1	0	0	0	1
cathd	0	0	0	0	1	0	0	0	0
jheh2	0	0	0	0	1	0	1	0	0
sc2	0	0	0	0	1	0	0	0	0
ctsb1	0	0	0	0	1	1	0	0	0
cg14879	0	0	0	0	1	0	0	0	0
cg9512	0	0	0	0	1	1	0	0	1
spp	0	0	0	0	1	0	0	0	0
cg12990	0	0	0	0	1	0	0	0	0
gp93	0	0	0	0	1	0	0	0	0
cg11034	0	0	0	0	1	0	0	0	0
cg17821	0	0	0	0	1	0	0	0	0
cg9747	0	0	0	0	1	0	0	0	0
cyp6a8	0	0	0	0	1	0	0	0	0
prosalpha4	0	0	0	0	1	0	0	0	0
hmgs	0	0	0	0	1	0	0	0	0
pld3	0	0	0	0	1	0	0	0	0
cpr92f	0	0	0	0	1	0	0	0	1
cg33303	0	0	0	0	1	0	0	1	0
cg30008	0	0	0	0	1	0	0	1	0
cg7329	0	0	0	0	1	0	0	0	0
ost48	0	0	0	0	1	0	0	0	0
cg4020	0	0	0	0	1	0	0	1	0
fasn2	0	0	0	0	1	0	0	0	0
atta	0	0	0	0	0	1	0	0	0
pdk1	0	0	0	0	0	1	0	0	0
cg3699	0	0	0	0	0	1	0	0	1
yp1	0	0	0	0	0	1	0	0	1
cg32444	0	0	0	0	0	1	0	0	0
cg42369	0	0	0	0	0	1	0	0	0
ninad	0	0	0	0	0	1	0	0	1
cg42367	0	0	0	0	0	1	0	0	0
yp3	0	0	0	0	0	1	0	0	0
obp83ef	0	0	0	0	0	1	0	0	0
cg6067	0	0	0	0	0	1	0	0	0
obp56h	0	0	0	0	0	1	0	0	0
cg30503	0	0	0	0	0	1	0	0	0
cg15293	0	0	0	0	0	1	0	0	0
gnbp2	0	0	0	0	0	1	0	0	0
cg33493	0	0	0	0	0	1	0	0	0
aldh7a1	0	0	0	0	0	1	0	0	0
yp2	0	0	0	0	0	1	0	0	1
cg6415	0	0	0	0	0	1	0	0	0
cg9119	0	0	0	0	0	1	0	0	0
cg4847	0	0	0	0	0	1	0	0	0
bombc3	0	0	0	0	0	1	0	0	0
cg17333	0	0	0	0	0	1	0	0	0
odc1	0	0	0	0	0	1	1	0	0
cyp4ac2	0	0	0	0	0	1	0	0	0
cg9837	0	0	0	0	0	1	0	0	0
cg3609	0	0	0	0	0	1	0	0	0
cg2493	0	0	0	0	0	1	0	0	0
cg3534	0	0	0	0	0	1	0	0	0
cr10032	0	0	0	0	0	1	0	0	0
cg6300	0	0	0	0	0	1	0	0	0
cg3246	0	0	0	0	0	1	0	0	0
cg40160	0	0	0	0	0	1	0	0	0
sptr	0	0	0	0	0	1	0	0	0
galk	0	0	0	0	0	1	0	0	0
cg18547	0	0	0	0	0	1	0	0	0
cg9547	0	0	0	0	0	1	0	0	0
babos	0	0	0	0	0	1	0	1	0
cg32032	0	0	0	0	0	1	0	0	0
nepl18	0	0	0	0	0	1	0	0	0
cg13607	0	0	0	0	0	1	0	0	0
tsf1	0	0	0	0	0	1	0	0	0
cg30427	0	0	0	0	0	1	0	0	0
apolpp	0	0	0	0	0	1	0	0	0
akhr	0	0	0	0	0	1	0	0	0
nepl21	0	0	0	0	0	1	0	0	0
cg3829	0	0	0	0	0	1	0	0	0
ssadh	0	0	0	0	0	1	0	0	0
ilp2	0	0	0	0	0	1	0	0	0
cg8586	0	0	0	0	0	1	0	0	0
scot	0	0	0	0	0	1	0	0	0
cys	0	0	0	0	0	1	0	0	0
obp56g	0	0	0	0	0	1	0	0	0
cg33080	0	0	0	0	0	1	0	0	0
cg17292	0	0	0	0	0	1	0	0	0
jtb	0	0	0	0	0	1	0	0	0
cg9391	0	0	0	0	0	1	0	0	0
cg31676	0	0	0	0	0	1	0	1	0
fkbp14	0	0	0	0	0	1	0	0	0
cg31075	0	0	0	0	0	1	1	0	0
cg14277	0	0	0	0	0	1	0	0	0
acsl	0	0	0	0	0	1	0	0	0
cah1	0	0	0	0	0	1	0	0	0
fok	0	0	0	0	0	1	0	0	0
rps25	0	0	0	0	0	1	0	0	0
rab1	0	0	0	0	0	1	0	0	0
mrva	0	0	0	0	0	1	0	0	0
lamp1	0	0	0	0	0	1	0	0	0
cg13029	0	0	0	0	0	0	1	0	0
cg13947	0	0	0	0	0	0	1	0	1
cr43361	0	0	0	0	0	0	1	0	0
cg1971	0	0	0	0	0	0	1	0	0
cg14985	0	0	0	0	0	0	1	0	0
l(2)03659	0	0	0	0	0	0	1	0	0
tyn	0	0	0	0	0	0	1	0	0
lncrna:cr42861	0	0	0	0	0	0	1	0	0
cg10725	0	0	0	0	0	0	1	0	0
lyse	0	0	0	0	0	0	1	0	0
nrm	0	0	0	0	0	0	1	1	0
spirit	0	0	0	0	0	0	1	0	0
cyp4p2	0	0	0	0	0	0	1	0	0
l(2)41ab	0	0	0	0	0	0	1	0	0
oatp58dc	0	0	0	0	0	0	1	0	0
gstd4	0	0	0	0	0	0	1	0	0
rpt3r	0	0	0	0	0	0	1	0	0
cg9170	0	0	0	0	0	0	1	0	0
tty	0	0	0	0	0	0	1	0	0
corolla	0	0	0	0	0	0	1	0	0
cg8858	0	0	0	0	0	0	1	0	0
cg43679	0	0	0	0	0	0	1	0	0
cg31997	0	0	0	0	0	0	1	1	0
jon99cii	0	0	0	0	0	0	1	0	1
cg12708	0	0	0	0	0	0	1	0	0
pepck2	0	0	0	0	0	0	1	0	0
tsh	0	0	0	0	0	0	1	0	0
cyp4p1	0	0	0	0	0	0	1	0	0
fiz	0	0	0	0	0	0	1	0	0
cg7102	0	0	0	0	0	0	1	0	0
cg1246	0	0	0	0	0	0	1	0	0
cg42674	0	0	0	0	0	0	1	0	0
cg1503	0	0	0	0	0	0	1	0	0
lncrna:cr43837	0	0	0	0	0	0	1	0	0
cg15365	0	0	0	0	0	0	1	0	0
apl	0	0	0	0	0	0	1	0	0
znt41f	0	0	0	0	0	0	1	0	0
grip91	0	0	0	0	0	0	1	0	0
cg4842	0	0	0	0	0	0	1	0	0
cg3690	0	0	0	0	0	0	1	0	0
g	0	0	0	0	0	0	1	0	0
cg34195	0	0	0	0	0	0	1	0	0
mus101	0	0	0	0	0	0	1	0	0
nna1	0	0	0	0	0	0	1	1	0
sox102f	0	0	0	0	0	0	1	0	0
cg2993	0	0	0	0	0	0	1	0	0
sand	0	0	0	0	0	0	1	0	0
cg9941	0	0	0	0	0	0	1	0	0
mal-b2	0	0	0	0	0	0	1	0	0
cg15865	0	0	0	0	0	0	1	0	1
cg7860	0	0	0	0	0	0	1	0	0
fuss	0	0	0	0	0	0	1	0	0
cyp6a14	0	0	0	0	0	0	1	0	0
cg15784	0	0	0	0	0	0	1	0	0
cg31999	0	0	0	0	0	0	1	0	0
cg7882	0	0	0	0	0	0	1	0	1
dgo	0	0	0	0	0	0	1	0	0
cg11699	0	0	0	0	0	0	1	0	0
rhou	0	0	0	0	0	0	1	0	0
fipoq	0	0	0	0	0	0	1	1	0
spartin	0	0	0	0	0	0	1	0	0
cg9717	0	0	0	0	0	0	1	1	0
cg11134	0	0	0	0	0	0	1	0	0
cg6656	0	0	0	0	0	0	1	0	0
cg11151	0	0	0	0	0	0	1	0	0
gprk2	0	0	0	0	0	0	1	0	0
pig-a	0	0	0	0	0	0	1	0	0
nxf2	0	0	0	0	0	0	1	0	0
gste8	0	0	0	0	0	0	1	0	0
modsp	0	0	0	0	0	0	1	0	0
cg11241	0	0	0	0	0	0	1	0	0
cg31262	0	0	0	0	0	0	1	0	0
ana2	0	0	0	0	0	0	1	0	0
cg5316	0	0	0	0	0	0	1	0	0
cg30382	0	0	0	0	0	0	1	0	0
mthl5	0	0	0	0	0	0	1	0	0
ire1	0	0	0	0	0	0	1	0	0
cul6	0	0	0	0	0	0	1	0	0
vari	0	0	0	0	0	0	1	0	0
cg6293	0	0	0	0	0	0	1	0	1
phr	0	0	0	0	0	0	1	0	0
fhos	0	0	0	0	0	0	1	0	0
vps39	0	0	0	0	0	0	1	0	0
cg32486	0	0	0	0	0	0	1	0	0
lpin	0	0	0	0	0	0	1	0	0
rec	0	0	0	0	0	0	1	0	0
nepl3	0	0	0	0	0	0	1	0	0
cg5613	0	0	0	0	0	0	1	0	0
keap1	0	0	0	0	0	0	1	0	0
cg7110	0	0	0	0	0	0	1	0	0
lrch	0	0	0	0	0	0	1	0	0
rpii140	0	0	0	0	0	0	1	0	0
mvl	0	0	0	0	0	0	1	0	0
cg5194	0	0	0	0	0	0	1	0	0
cg32638	0	0	0	0	0	0	1	0	0
kcc	0	0	0	0	0	0	1	0	0
cg9795	0	0	0	0	0	0	1	0	0
glcat-s	0	0	0	0	0	0	1	0	0
acph-1	0	0	0	0	0	0	1	0	0
phkgamma	0	0	0	0	0	0	1	0	0
mus301	0	0	0	0	0	0	1	0	0
cg11357	0	0	0	0	0	0	1	0	0
pih1d1	0	0	0	0	0	0	1	0	0
mpc1	0	0	0	0	0	0	1	0	0
acox57d-p	0	0	0	0	0	0	1	0	0
cg8671	0	0	0	0	0	0	1	0	0
lpcat	0	0	0	0	0	0	1	0	0
cg4570	0	0	0	0	0	0	1	0	0
narya	0	0	0	0	0	0	1	0	0
map205	0	0	0	0	0	0	1	0	0
cr43309	0	0	0	0	0	0	1	0	0
asrna:cr45600	0	0	0	0	0	0	1	0	0
cg7542	0	0	0	0	0	0	1	0	0
oseg5	0	0	0	0	0	0	1	0	0
lncrna:cr43960	0	0	0	0	0	0	1	0	0
cg17470	0	0	0	0	0	0	1	0	0
cg12592	0	0	0	0	0	0	1	0	0
cg33926	0	0	0	0	0	0	1	0	0
oatp58db	0	0	0	0	0	0	1	0	0
drsl4	0	0	0	0	0	0	1	0	0
mtt	0	0	0	0	0	0	1	0	0
cg8027	0	0	0	0	0	0	1	0	0
phr6-4	0	0	0	0	0	0	1	0	0
gilt3	0	0	0	0	0	0	1	0	0
rst	0	0	0	0	0	0	1	0	0
vha100-4	0	0	0	0	0	0	1	0	0
kirre	0	0	0	0	0	0	1	0	0
cg5767	0	0	0	0	0	0	1	0	0
ten-a	0	0	0	0	0	0	1	1	0
cg1946	0	0	0	0	0	0	1	0	0
antdh	0	0	0	0	0	0	1	0	0
sclp	0	0	0	0	0	0	1	0	0
sosie	0	0	0	0	0	0	1	0	0
fancm	0	0	0	0	0	0	1	0	0
cg32834	0	0	0	0	0	0	1	1	0
cg43255	0	0	0	0	0	0	1	0	0
cg4363	0	0	0	0	0	0	1	0	1
cg12112	0	0	0	0	0	0	1	0	0
rhi	0	0	0	0	0	0	1	0	0
pde6	0	0	0	0	0	0	1	0	0
whe	0	0	0	0	0	0	1	0	0
hsp23	0	0	0	0	0	0	1	0	0
mtna	0	0	0	0	0	0	1	0	0
cg1941	0	0	0	0	0	0	1	0	0
cg4733	0	0	0	0	0	0	1	0	0
oseg4	0	0	0	0	0	0	1	0	0
cg10550	0	0	0	0	0	0	1	1	0
dnaseii	0	0	0	0	0	0	1	0	0
cg34330	0	0	0	0	0	0	1	0	0
gstd1	0	0	0	0	0	0	1	0	0
cg32243	0	0	0	0	0	0	1	0	0
ady43a	0	0	0	0	0	0	1	0	0
cg4860	0	0	0	0	0	0	1	0	0
qtc	0	0	0	0	0	0	1	0	0
kermit	0	0	0	0	0	0	1	0	0
cg17186	0	0	0	0	0	0	1	0	0
cg8229	0	0	0	0	0	0	1	0	0
cg11852	0	0	0	0	0	0	1	1	0
cg9344	0	0	0	0	0	0	1	0	0
cg14102	0	0	0	0	0	0	1	0	0
gstz1	0	0	0	0	0	0	1	0	0
rps5b	0	0	0	0	0	0	1	0	0
ints12	0	0	0	0	0	0	1	0	0
cg10654	0	0	0	0	0	0	1	0	0
lncrna:cr31044	0	0	0	0	0	0	1	0	0
cg12075	0	0	0	0	0	0	1	0	0
mrpl37	0	0	0	0	0	0	1	0	0
kar	0	0	0	0	0	0	1	0	0
cg12338	0	0	0	0	0	0	1	0	0
cg7565	0	0	0	0	0	0	1	0	0
cg10344	0	0	0	0	0	0	1	0	0
art8	0	0	0	0	0	0	1	0	0
cg1360	0	0	0	0	0	0	1	0	0
cg2200	0	0	0	0	0	0	1	0	0
ntc	0	0	0	0	0	0	1	0	0
nha1	0	0	0	0	0	0	1	0	1
lncrna:cr32027	0	0	0	0	0	0	1	0	0
cg4820	0	0	0	0	0	0	1	0	0
urod	0	0	0	0	0	0	1	0	0
cg13667	0	0	0	0	0	0	1	0	0
mldr	0	0	0	0	0	0	1	0	0
cg3732	0	0	0	0	0	0	1	0	0
nxf3	0	0	0	0	0	0	1	0	0
hrb27c	0	0	0	0	0	0	1	0	0
smyd5	0	0	0	0	0	0	1	0	0
dhpr	0	0	0	0	0	0	1	0	0
cg31038	0	0	0	0	0	0	1	0	0
fdx2	0	0	0	0	0	0	1	0	0
cg12321	0	0	0	0	0	0	1	0	0
rai1	0	0	0	0	0	0	1	0	0
rplp0	0	0	0	0	0	0	1	0	0
tyrrs-m	0	0	0	0	0	0	1	0	0
ip259	0	0	0	0	0	0	1	0	0
meftu2	0	0	0	0	0	0	1	0	0
cg5989	0	0	0	0	0	0	1	0	0
alpha-est1	0	0	0	0	0	0	1	0	0
scramb1	0	0	0	0	0	0	1	0	0
reg-5	0	0	0	0	0	0	1	0	0
sas10	0	0	0	0	0	0	1	0	0
l(1)g0320	0	0	0	0	0	0	1	0	0
serrs-m	0	0	0	0	0	0	1	0	0
rswl	0	0	0	0	0	0	1	0	0
tsp66e	0	0	0	0	0	0	1	0	0
cg15812	0	0	0	0	0	0	1	0	0
asnrs	0	0	0	0	0	0	1	0	0
cg6937	0	0	0	0	0	0	1	1	0
adsl	0	0	0	0	0	0	1	0	0
r-l	0	0	0	0	0	0	1	0	0
cg2972	0	0	0	0	0	0	1	0	0
cg14805	0	0	0	0	0	0	1	0	0
ser12	0	0	0	0	0	0	0	1	0
cg31681	0	0	0	0	0	0	0	1	0
cg43112	0	0	0	0	0	0	0	1	0
cg34446	0	0	0	0	0	0	0	1	0
asrna:cr44035	0	0	0	0	0	0	0	1	0
vha36-3	0	0	0	0	0	0	0	1	0
cg43074	0	0	0	0	0	0	0	1	0
conv	0	0	0	0	0	0	0	1	0
cg42562	0	0	0	0	0	0	0	1	0
cg30419	0	0	0	0	0	0	0	1	0
had2	0	0	0	0	0	0	0	1	0
cg13026	0	0	0	0	0	0	0	1	0
serp	0	0	0	0	0	0	0	1	0
cg7300	0	0	0	0	0	0	0	1	0
cg17189	0	0	0	0	0	0	0	1	0
retinin	0	0	0	0	0	0	0	1	0
obp19b	0	0	0	0	0	0	0	1	0
cg6733	0	0	0	0	0	0	0	1	0
aqp	0	0	0	0	0	0	0	1	0
cg9897	0	0	0	0	0	0	0	1	0
send1	0	0	0	0	0	0	0	1	0
cg3348	0	0	0	0	0	0	0	1	0
cg7296	0	0	0	0	0	0	0	1	0
cg3285	0	0	0	0	0	0	0	1	1
cg9572	0	0	0	0	0	0	0	1	0
cg32277	0	0	0	0	0	0	0	1	0
elof	0	0	0	0	0	0	0	1	0
cg31207	0	0	0	0	0	0	0	1	0
lectin-24db	0	0	0	0	0	0	0	1	0
cg9338	0	0	0	0	0	0	0	1	0
cg17562	0	0	0	0	0	0	0	1	0
obst-e	0	0	0	0	0	0	0	1	0
cg33178	0	0	0	0	0	0	0	1	0
cg31259	0	0	0	0	0	0	0	1	0
cg10154	0	0	0	0	0	0	0	1	0
dhc93ab	0	0	0	0	0	0	0	1	1
yellow-e	0	0	0	0	0	0	0	1	0
cg18628	0	0	0	0	0	0	0	1	0
cg34034	0	0	0	0	0	0	0	1	0
cg42780	0	0	0	0	0	0	0	1	0
cg14778	0	0	0	0	0	0	0	1	0
cg9164	0	0	0	0	0	0	0	1	0
cg13428	0	0	0	0	0	0	0	1	0
tsp42eo	0	0	0	0	0	0	0	1	0
lbm	0	0	0	0	0	0	0	1	0
asrna:cr45024	0	0	0	0	0	0	0	1	0
cg15155	0	0	0	0	0	0	0	1	0
asrna:cr46089	0	0	0	0	0	0	0	1	0
fbxl7	0	0	0	0	0	0	0	1	0
cg7409	0	0	0	0	0	0	0	1	0
ir25a	0	0	0	0	0	0	0	1	0
cg42361	0	0	0	0	0	0	0	1	0
lncrna:cr31781	0	0	0	0	0	0	0	1	0
vdup1	0	0	0	0	0	0	0	1	0
cg13458	0	0	0	0	0	0	0	1	0
cg11619	0	0	0	0	0	0	0	1	0
cg8854	0	0	0	0	0	0	0	1	0
obp83g	0	0	0	0	0	0	0	1	0
asrna:cr44021	0	0	0	0	0	0	0	1	0
l(2)34fc	0	0	0	0	0	0	0	1	0
tsp42en	0	0	0	0	0	0	0	1	0
dip-theta	0	0	0	0	0	0	0	1	0
cyp318a1	0	0	0	0	0	0	0	1	0
verm	0	0	0	0	0	0	0	1	0
cg31267	0	0	0	0	0	0	0	1	1
cg9459	0	0	0	0	0	0	0	1	0
tpnc25d	0	0	0	0	0	0	0	1	0
cg14153	0	0	0	0	0	0	0	1	0
cg8925	0	0	0	0	0	0	0	1	0
plh	0	0	0	0	0	0	0	1	0
slc22a	0	0	0	0	0	0	0	1	0
asrna:cr45831	0	0	0	0	0	0	0	1	0
yellow-c	0	0	0	0	0	0	0	1	0
tinc	0	0	0	0	0	0	0	1	0
ntr	0	0	0	0	0	0	0	1	0
cg14742	0	0	0	0	0	0	0	1	0
trh	0	0	0	0	0	0	0	1	0
rgk3	0	0	0	0	0	0	0	1	0
cg30043	0	0	0	0	0	0	0	1	1
tsp42eg	0	0	0	0	0	0	0	1	0
cg6041	0	0	0	0	0	0	0	1	1
cg31189	0	0	0	0	0	0	0	1	0
cg3984	0	0	0	0	0	0	0	1	0
cg13856	0	0	0	0	0	0	0	1	0
cg4461	0	0	0	0	0	0	0	1	0
cpr49ah	0	0	0	0	0	0	0	1	0
cg13116	0	0	0	0	0	0	0	1	0
cg6055	0	0	0	0	0	0	0	1	0
b	0	0	0	0	0	0	0	1	0
cpr47ef	0	0	0	0	0	0	0	1	0
cg33281	0	0	0	0	0	0	0	1	0
cg34370	0	0	0	0	0	0	0	1	0
ry	0	0	0	0	0	0	0	1	0
karl	0	0	0	0	0	0	0	1	0
cpr47ee	0	0	0	0	0	0	0	1	1
cg8908	0	0	0	0	0	0	0	1	0
cg7443	0	0	0	0	0	0	0	1	0
cg17026	0	0	0	0	0	0	0	1	0
cg42705	0	0	0	0	0	0	0	1	0
asph	0	0	0	0	0	0	0	1	0
pio	0	0	0	0	0	0	0	1	0
cg10345	0	0	0	0	0	0	0	1	0
cg15629	0	0	0	0	0	0	0	1	0
faa	0	0	0	0	0	0	0	1	0
dpy	0	0	0	0	0	0	0	1	1
cyp4g15	0	0	0	0	0	0	0	1	0
cg8837	0	0	0	0	0	0	0	1	0
sparc	0	0	0	0	0	0	0	1	0
sert	0	0	0	0	0	0	0	1	0
npf	0	0	0	0	0	0	0	1	0
cg32024	0	0	0	0	0	0	0	1	0
cg11029	0	0	0	0	0	0	0	1	0
sug	0	0	0	0	0	0	0	1	0
obp57a	0	0	0	0	0	0	0	1	0
mp20	0	0	0	0	0	0	0	1	0
kon	0	0	0	0	0	0	0	1	0
vgat	0	0	0	0	0	0	0	1	0
cg31103	0	0	0	0	0	0	0	1	0
nep7	0	0	0	0	0	0	0	1	0
cg32669	0	0	0	0	0	0	0	1	0
cg14298	0	0	0	0	0	0	0	1	0
cg14439	0	0	0	0	0	0	0	1	0
cg14259	0	0	0	0	0	0	0	1	0
aplip1	0	0	0	0	0	0	0	1	0
dac	0	0	0	0	0	0	0	1	0
cg42808	0	0	0	0	0	0	0	1	0
def	0	0	0	0	0	0	0	1	0
stacl	0	0	0	0	0	0	0	1	0
cg9626	0	0	0	0	0	0	0	1	0
cg14109	0	0	0	0	0	0	0	1	0
nepl4	0	0	0	0	0	0	0	1	0
cg1441	0	0	0	0	0	0	0	1	1
cg5023	0	0	0	0	0	0	0	1	0
cg10469	0	0	0	0	0	0	0	1	0
cg12268	0	0	0	0	0	0	0	1	0
cg9336	0	0	0	0	0	0	0	1	0
cg16904	0	0	0	0	0	0	0	1	0
cg31176	0	0	0	0	0	0	0	1	0
cg5867	0	0	0	0	0	0	0	1	0
cg34396	0	0	0	0	0	0	0	1	0
spab	0	0	0	0	0	0	0	1	0
syn2	0	0	0	0	0	0	0	1	0
cyp4e1	0	0	0	0	0	0	0	1	0
su(r)	0	0	0	0	0	0	0	1	0
cg43092	0	0	0	0	0	0	0	1	0
nachrbeta3	0	0	0	0	0	0	0	1	0
cg8620	0	0	0	0	0	0	0	1	0
igl	0	0	0	0	0	0	0	1	0
cad96ca	0	0	0	0	0	0	0	1	0
rh50	0	0	0	0	0	0	0	1	0
cg14022	0	0	0	0	0	0	0	1	0
cg11892	0	0	0	0	0	0	0	1	0
rdo	0	0	0	0	0	0	0	1	0
cg42495	0	0	0	0	0	0	0	1	0
cg12780	0	0	0	0	0	0	0	1	0
cg9427	0	0	0	0	0	0	0	1	0
cg10311	0	0	0	0	0	0	0	1	0
cg14655	0	0	0	0	0	0	0	1	0
cg15406	0	0	0	0	0	0	0	1	1
cg33054	0	0	0	0	0	0	0	1	0
cg43093	0	0	0	0	0	0	0	1	0
cg31100	0	0	0	0	0	0	0	1	0
gste10	0	0	0	0	0	0	0	1	0
zormin	0	0	0	0	0	0	0	1	0
cg32195	0	0	0	0	0	0	0	1	0
pcyt2	0	0	0	0	0	0	0	1	0
2mit	0	0	0	0	0	0	0	1	0
cg15546	0	0	0	0	0	0	0	1	0
cg31706	0	0	0	0	0	0	0	1	0
cg15673	0	0	0	0	0	0	0	1	0
act87e	0	0	0	0	0	0	0	1	0
cg7497	0	0	0	0	0	0	0	1	0
cg42394	0	0	0	0	0	0	0	1	0
npc2b	0	0	0	0	0	0	0	1	0
ugt317a1	0	0	0	0	0	0	0	1	0
tsp	0	0	0	0	0	0	0	1	0
cg42663	0	0	0	0	0	0	0	1	0
cg11275	0	0	0	0	0	0	0	1	0
unc79	0	0	0	0	0	0	0	1	0
vha68-1	0	0	0	0	0	0	0	1	0
yellow-d	0	0	0	0	0	0	0	1	0
cg10126	0	0	0	0	0	0	0	1	0
ca-alpha1d	0	0	0	0	0	0	0	1	0
chkov1	0	0	0	0	0	0	0	1	0
lncrna:cr44645	0	0	0	0	0	0	0	1	0
cg11044	0	0	0	0	0	0	0	1	0
napi-t	0	0	0	0	0	0	0	1	0
cg1607	0	0	0	0	0	0	0	1	0
asrna:cr44029	0	0	0	0	0	0	0	1	0
sls	0	0	0	0	0	0	0	1	0
obp57c	0	0	0	0	0	0	0	1	0
cg9628	0	0	0	0	0	0	0	1	0
qsm	0	0	0	0	0	0	0	1	0
cg9297	0	0	0	0	0	0	0	1	0
cg6465	0	0	0	0	0	0	0	1	0
pgcl	0	0	0	0	0	0	0	1	0
adk1	0	0	0	0	0	0	0	1	0
fad2	0	0	0	0	0	0	0	1	0
cg9702	0	0	0	0	0	0	0	1	0
nep1	0	0	0	0	0	0	0	1	0
spr	0	0	0	0	0	0	0	1	0
tyrr	0	0	0	0	0	0	0	1	0
cg9458	0	0	0	0	0	0	0	1	0
cg8547	0	0	0	0	0	0	0	1	0
rgk2	0	0	0	0	0	0	0	1	0
cah9	0	0	0	0	0	0	0	1	0
cow	0	0	0	0	0	0	0	1	0
cg6432	0	0	0	0	0	0	0	1	0
cg42319	0	0	0	0	0	0	0	1	0
rhogap100f	0	0	0	0	0	0	0	1	0
adat1	0	0	0	0	0	0	0	1	0
cg5506	0	0	0	0	0	0	0	1	1
cg14275	0	0	0	0	0	0	0	1	0
cg11155	0	0	0	0	0	0	0	1	0
hebe	0	0	0	0	0	0	0	1	0
cg2082	0	0	0	0	0	0	0	1	0
ckd	0	0	0	0	0	0	0	1	0
cg17739	0	0	0	0	0	0	0	1	0
cg31199	0	0	0	0	0	0	0	1	0
cg33110	0	0	0	0	0	0	0	1	0
cg44085	0	0	0	0	0	0	0	1	0
olf413	0	0	0	0	0	0	0	1	0
cg13796	0	0	0	0	0	0	0	1	0
cg8500	0	0	0	0	0	0	0	1	0
timp	0	0	0	0	0	0	0	1	0
cg30069	0	0	0	0	0	0	0	1	1
cg13124	0	0	0	0	0	0	0	1	0
cg11409	0	0	0	0	0	0	0	1	0
aanat1	0	0	0	0	0	0	0	1	0
cg1124	0	0	0	0	0	0	0	1	0
lysp	0	0	0	0	0	0	0	1	0
cg1673	0	0	0	0	0	0	0	1	0
nacp60e	0	0	0	0	0	0	0	1	0
bdl	0	0	0	0	0	0	0	1	0
cg7910	0	0	0	0	0	0	0	1	0
drip	0	0	0	0	0	0	0	1	0
cg6310	0	0	0	0	0	0	0	1	0
cg10512	0	0	0	0	0	0	0	1	0
nd-mwfe	0	0	0	0	0	0	0	1	0
cg32112	0	0	0	0	0	0	0	1	0
gpdh1	0	0	0	0	0	0	0	1	0
cyp4g1	0	0	0	0	0	0	0	1	1
cg17278	0	0	0	0	0	0	0	1	0
htl	0	0	0	0	0	0	0	1	0
cg3036	0	0	0	0	0	0	0	1	0
cg31808	0	0	0	0	0	0	0	1	0
nd-b14.5b	0	0	0	0	0	0	0	1	0
ric-3	0	0	0	0	0	0	0	1	0
cg5346	0	0	0	0	0	0	0	1	0
cg14777	0	0	0	0	0	0	0	1	0
hacd1	0	0	0	0	0	0	0	1	0
ugt36d1	0	0	0	0	0	0	0	1	0
cg7378	0	0	0	0	0	0	0	1	0
cg2017	0	0	0	0	0	0	0	1	0
cg5597	0	0	0	0	0	0	0	1	0
cg11752	0	0	0	0	0	0	0	1	0
egr	0	0	0	0	0	0	0	1	0
cg7920	0	0	0	0	0	0	0	1	0
cg9399	0	0	0	0	0	0	0	1	0
idgf1	0	0	0	0	0	0	0	1	0
cg7382	0	0	0	0	0	0	0	1	0
nd-mlrq	0	0	0	0	0	0	0	1	0
uzip	0	0	0	0	0	0	0	1	0
nd-b14.5a	0	0	0	0	0	0	0	1	0
sun	0	0	0	0	0	0	0	1	0
vha14-1	0	0	0	0	0	0	0	1	0
cat	0	0	0	0	0	0	0	1	0
cg17549	0	0	0	0	0	0	0	1	0
cyp9b2	0	0	0	0	0	0	0	1	1
cg14818	0	0	0	0	0	0	0	1	0
gste12	0	0	0	0	0	0	0	1	0
hdly	0	0	0	0	0	0	0	1	0
cg13585	0	0	0	0	0	0	0	1	0
cg31523	0	0	0	0	0	0	0	1	0
cg17508	0	0	0	0	0	0	0	1	0
cora	0	0	0	0	0	0	0	1	0
selt	0	0	0	0	0	0	0	1	0
dnr1	0	0	0	0	0	0	0	1	0
inos	0	0	0	0	0	0	0	1	0
cg1640	0	0	0	0	0	0	0	1	0
msbp	0	0	0	0	0	0	0	1	0
cg13737	0	0	0	0	0	0	0	1	0
tollo	0	0	0	0	0	0	0	1	0
cp38	0	0	0	0	0	0	0	1	1
cad74a	0	0	0	0	0	0	0	1	0
cp36	0	0	0	0	0	0	0	1	1
cg33129	0	0	0	0	0	0	0	1	0
zip88e	0	0	0	0	0	0	0	1	0
cr18217	0	0	0	0	0	0	0	1	0
cht2	0	0	0	0	0	0	0	1	0
srp	0	0	0	0	0	0	0	1	0
cg11263	0	0	0	0	0	0	0	1	0
cg8607	0	0	0	0	0	0	0	1	0
cg15312	0	0	0	0	0	0	0	1	0
cg44838	0	0	0	0	0	0	0	1	0
sced	0	0	0	0	0	0	0	1	0
cg14005	0	0	0	0	0	0	0	1	0
smr	0	0	0	0	0	0	0	1	0
sf3b3	0	0	0	0	0	0	0	1	0
sl	0	0	0	0	0	0	0	1	0
cg8243	0	0	0	0	0	0	0	1	0
tws	0	0	0	0	0	0	0	1	0
pcl	0	0	0	0	0	0	0	1	0
nost	0	0	0	0	0	0	0	1	0
dao	0	0	0	0	0	0	0	1	0
drep2	0	0	0	0	0	0	0	1	1
capr	0	0	0	0	0	0	0	1	0
caf1-180	0	0	0	0	0	0	0	1	0
gnu	0	0	0	0	0	0	0	1	1
su(tpl)	0	0	0	0	0	0	0	1	0
pcs	0	0	0	0	0	0	0	1	0
sk2	0	0	0	0	0	0	0	1	0
ada2b	0	0	0	0	0	0	0	1	0
tmem216	0	0	0	0	0	0	0	1	0
cg6066	0	0	0	0	0	0	0	1	0
wge	0	0	0	0	0	0	0	1	0
cg3894	0	0	0	0	0	0	0	1	0
pi3k21b	0	0	0	0	0	0	0	1	0
marf1	0	0	0	0	0	0	0	1	0
cg32066	0	0	0	0	0	0	0	1	0
dlp	0	0	0	0	0	0	0	1	0
eip63e	0	0	0	0	0	0	0	1	0
ipk2	0	0	0	0	0	0	0	1	0
rhogap71e	0	0	0	0	0	0	0	1	0
fs(1)n	0	0	0	0	0	0	0	1	0
skip	0	0	0	0	0	0	0	1	0
stau	0	0	0	0	0	0	0	1	0
rb	0	0	0	0	0	0	0	1	0
cg4502	0	0	0	0	0	0	0	1	0
mld	0	0	0	0	0	0	0	1	0
rdx	0	0	0	0	0	0	0	1	0
bin3	0	0	0	0	0	0	0	1	0
cg34401	0	0	0	0	0	0	0	1	0
l(3)05822	0	0	0	0	0	0	0	1	0
mod(mdg4)	0	0	0	0	0	0	0	1	0
snf	0	0	0	0	0	0	0	1	0
cpsf5	0	0	0	0	0	0	0	1	0
magu	0	0	0	0	0	0	0	1	0
kuz	0	0	0	0	0	0	0	1	0
wde	0	0	0	0	0	0	0	1	0
nf-yc	0	0	0	0	0	0	0	1	0
bif	0	0	0	0	0	0	0	1	0
tsc1	0	0	0	0	0	0	0	1	0
sktl	0	0	0	0	0	0	0	1	0
cg7718	0	0	0	0	0	0	0	1	0
socs16d	0	0	0	0	0	0	0	1	0
cic	0	0	0	0	0	0	0	1	0
srl	0	0	0	0	0	0	0	1	0
gug	0	0	0	0	0	0	0	1	0
tral	0	0	0	0	0	0	0	1	0
snama	0	0	0	0	0	0	0	1	0
slpr	0	0	0	0	0	0	0	1	0
nup62	0	0	0	0	0	0	0	1	0
pez	0	0	0	0	0	0	0	1	0
dutpase	0	0	0	0	0	0	0	1	0
cg10555	0	0	0	0	0	0	0	1	0
e23	0	0	0	0	0	0	0	1	0
btbd9	0	0	0	0	0	0	0	1	0
cg7332	0	0	0	0	0	0	0	1	0
man1	0	0	0	0	0	0	0	1	0
cg11873	0	0	0	0	0	0	0	1	0
cg8668	0	0	0	0	0	0	0	1	0
stx	0	0	0	0	0	0	0	1	0
osk	0	0	0	0	0	0	0	1	1
spir	0	0	0	0	0	0	0	1	0
cyp6v1	0	0	0	0	0	0	0	1	0
ssdp	0	0	0	0	0	0	0	1	1
cg4080	0	0	0	0	0	0	0	1	0
pico	0	0	0	0	0	0	0	1	0
gpp	0	0	0	0	0	0	0	1	0
osa	0	0	0	0	0	0	0	1	0
ptp-er	0	0	0	0	0	0	0	1	0
lkb1	0	0	0	0	0	0	0	1	0
hr96	0	0	0	0	0	0	0	1	0
sema2a	0	0	0	0	0	0	0	1	0
rhogapp190	0	0	0	0	0	0	0	1	0
cg10702	0	0	0	0	0	0	0	1	0
mim	0	0	0	0	0	0	0	1	0
taf4	0	0	0	0	0	0	0	1	0
syx18	0	0	0	0	0	0	0	1	0
ap-1mu	0	0	0	0	0	0	0	1	0
hph	0	0	0	0	0	0	0	1	0
clos	0	0	0	0	0	0	0	1	0
cg9328	0	0	0	0	0	0	0	1	0
cg17746	0	0	0	0	0	0	0	1	0
viaf	0	0	0	0	0	0	0	1	0
cg2162	0	0	0	0	0	0	0	1	0
cg9705	0	0	0	0	0	0	0	1	0
pps	0	0	0	0	0	0	0	1	0
for	0	0	0	0	0	0	0	1	0
cct3	0	0	0	0	0	0	0	1	0
cg2938	0	0	0	0	0	0	0	1	0
rngo	0	0	0	0	0	0	0	1	0
mu2	0	0	0	0	0	0	0	1	0
cdi	0	0	0	0	0	0	0	1	0
cg14322	0	0	0	0	0	0	0	1	0
fsn	0	0	0	0	0	0	0	1	0
cg5445	0	0	0	0	0	0	0	1	0
ssrp	0	0	0	0	0	0	0	1	0
heph	0	0	0	0	0	0	0	1	0
ranbpm	0	0	0	0	0	0	0	1	0
cg3368	0	0	0	0	0	0	0	1	0
cask	0	0	0	0	0	0	0	1	0
jvl	0	0	0	0	0	0	0	1	0
cg6695	0	0	0	0	0	0	0	1	0
cg13917	0	0	0	0	0	0	0	1	0
erf3	0	0	0	0	0	0	0	1	0
roq	0	0	0	0	0	0	0	1	0
ttll4a	0	0	0	0	0	0	0	1	0
cg12237	0	0	0	0	0	0	0	1	0
pelo	0	0	0	0	0	0	0	1	0
pum	0	0	0	0	0	0	0	1	0
ap-1-2beta	0	0	0	0	0	0	0	1	0
ced-6	0	0	0	0	0	0	0	1	0
psq	0	0	0	0	0	0	0	1	0
mta1-like	0	0	0	0	0	0	0	1	0
cct4	0	0	0	0	0	0	0	1	0
dp	0	0	0	0	0	0	0	1	0
l(2)gl	0	0	0	0	0	0	0	1	0
uggt	0	0	0	0	0	0	0	1	0
capt	0	0	0	0	0	0	0	1	0
scny	0	0	0	0	0	0	0	1	0
eif3a	0	0	0	0	0	0	0	1	0
gcs2beta	0	0	0	0	0	0	0	1	0
jon99fii	0	0	0	0	0	0	0	0	1
his2b:cg33874	0	0	0	0	0	0	0	0	1
his2b:cg33890	0	0	0	0	0	0	0	0	1
kappatry	0	0	0	0	0	0	0	0	1
cg17475	0	0	0	0	0	0	0	0	1
mal-a3	0	0	0	0	0	0	0	0	1
cg10911	0	0	0	0	0	0	0	0	1
cg5804	0	0	0	0	0	0	0	0	1
cg32633	0	0	0	0	0	0	0	0	1
yip7	0	0	0	0	0	0	0	0	1
spheroide	0	0	0	0	0	0	0	0	1
etatry	0	0	0	0	0	0	0	0	1
cg31343	0	0	0	0	0	0	0	0	1
cg18585	0	0	0	0	0	0	0	0	1
jon65aiii	0	0	0	0	0	0	0	0	1
jon99fi	0	0	0	0	0	0	0	0	1
cg31274	0	0	0	0	0	0	0	0	1
cg15254	0	0	0	0	0	0	0	0	1
jon99ciii	0	0	0	0	0	0	0	0	1
ag5r2	0	0	0	0	0	0	0	0	1
cg33127	0	0	0	0	0	0	0	0	1
cg31265	0	0	0	0	0	0	0	0	1
zetatry	0	0	0	0	0	0	0	0	1
alphatry	0	0	0	0	0	0	0	0	1
cg32379	0	0	0	0	0	0	0	0	1
cg4653	0	0	0	0	0	0	0	0	1
cg15253	0	0	0	0	0	0	0	0	1
cg7631	0	0	0	0	0	0	0	0	1
cg9993	0	0	0	0	0	0	0	0	1
cg10472	0	0	0	0	0	0	0	0	1
cg5724	0	0	0	0	0	0	0	0	1
cg10116	0	0	0	0	0	0	0	0	1
cg33966	0	0	0	0	0	0	0	0	1
cg14499	0	0	0	0	0	0	0	0	1
cg42397	0	0	0	0	0	0	0	0	1
cg8562	0	0	0	0	0	0	0	0	1
cg17633	0	0	0	0	0	0	0	0	1
act88f	0	0	0	0	0	0	0	0	1
astc	0	0	0	0	0	0	0	0	1
cg8997	0	0	0	0	0	0	0	0	1
pgc	0	0	0	0	0	0	0	0	1
cg17999	0	0	0	0	0	0	0	0	1
cg14495	0	0	0	0	0	0	0	0	1
cg7953	0	0	0	0	0	0	0	0	1
lmanv	0	0	0	0	0	0	0	0	1
cg11162	0	0	0	0	0	0	0	0	1
cg3987	0	0	0	0	0	0	0	0	1
mal-a1	0	0	0	0	0	0	0	0	1
cg14205	0	0	0	0	0	0	0	0	1
his2b:cg33904	0	0	0	0	0	0	0	0	1
his1:cg33864	0	0	0	0	0	0	0	0	1
cg16749	0	0	0	0	0	0	0	0	1
cg15533	0	0	0	0	0	0	0	0	1
pebp1	0	0	0	0	0	0	0	0	1
cg10182	0	0	0	0	0	0	0	0	1
cg10827	0	0	0	0	0	0	0	0	1
cg31810	0	0	0	0	0	0	0	0	1
mdr50	0	0	0	0	0	0	0	0	1
cg46244	0	0	0	0	0	0	0	0	1
cg13047	0	0	0	0	0	0	0	0	1
cg14820	0	0	0	0	0	0	0	0	1
cg7365	0	0	0	0	0	0	0	0	1
cg7916	0	0	0	0	0	0	0	0	1
cg15126	0	0	0	0	0	0	0	0	1
cg43829	0	0	0	0	0	0	0	0	1
cg6048	0	0	0	0	0	0	0	0	1
cg13160	0	0	0	0	0	0	0	0	1
betatry	0	0	0	0	0	0	0	0	1
lambdatry	0	0	0	0	0	0	0	0	1
cg3868	0	0	0	0	0	0	0	0	1
cp19	0	0	0	0	0	0	0	0	1
cg31086	0	0	0	0	0	0	0	0	1
kaz-m1	0	0	0	0	0	0	0	0	1
vnd	0	0	0	0	0	0	0	0	1
cg33003	0	0	0	0	0	0	0	0	1
yellow-g2	0	0	0	0	0	0	0	0	1
cg13083	0	0	0	0	0	0	0	0	1
cg10943	0	0	0	0	0	0	0	0	1
cg3706	0	0	0	0	0	0	0	0	1
cg4053	0	0	0	0	0	0	0	0	1
cg33965	0	0	0	0	0	0	0	0	1
npc2d	0	0	0	0	0	0	0	0	1
cg15044	0	0	0	0	0	0	0	0	1
cg8628	0	0	0	0	0	0	0	0	1
crys	0	0	0	0	0	0	0	0	1
cg15255	0	0	0	0	0	0	0	0	1
cg6337	0	0	0	0	0	0	0	0	1
cg3106	0	0	0	0	0	0	0	0	1
cg8773	0	0	0	0	0	0	0	0	1
npc1b	0	0	0	0	0	0	0	0	1
cp16	0	0	0	0	0	0	0	0	1
cg11911	0	0	0	0	0	0	0	0	1
cg14120	0	0	0	0	0	0	0	0	1
cg31233	0	0	0	0	0	0	0	0	1
cg31041	0	0	0	0	0	0	0	0	1
cg18607	0	0	0	0	0	0	0	0	1
vm26aa	0	0	0	0	0	0	0	0	1
cg11381	0	0	0	0	0	0	0	0	1
cg13177	0	0	0	0	0	0	0	0	1
mal-a2	0	0	0	0	0	0	0	0	1
cg9084	0	0	0	0	0	0	0	0	1
vanin-like	0	0	0	0	0	0	0	0	1
his1:cg33843	0	0	0	0	0	0	0	0	1
cg1809	0	0	0	0	0	0	0	0	1
cg5568	0	0	0	0	0	0	0	0	1
cp7fc	0	0	0	0	0	0	0	0	1
mtne	0	0	0	0	0	0	0	0	1
cg43349	0	0	0	0	0	0	0	0	1
byn	0	0	0	0	0	0	0	0	1
ugt37a1	0	0	0	0	0	0	0	0	1
vm34ca	0	0	0	0	0	0	0	0	1
ugt86dh	0	0	0	0	0	0	0	0	1
cg14989	0	0	0	0	0	0	0	0	1
cg5999	0	0	0	0	0	0	0	0	1
cg32054	0	0	0	0	0	0	0	0	1
cg13114	0	0	0	0	0	0	0	0	1
vm26ab	0	0	0	0	0	0	0	0	1
cg31198	0	0	0	0	0	0	0	0	1
cg5246	0	0	0	0	0	0	0	0	1
mtnc	0	0	0	0	0	0	0	0	1
cg11674	0	0	0	0	0	0	0	0	1
cg6296	0	0	0	0	0	0	0	0	1
cp7fa	0	0	0	0	0	0	0	0	1
proc	0	0	0	0	0	0	0	0	1
cg8834	0	0	0	0	0	0	0	0	1
cg9521	0	0	0	0	0	0	0	0	1
cg33337	0	0	0	0	0	0	0	0	1
lmaniv	0	0	0	0	0	0	0	0	1
cg6738	0	0	0	0	0	0	0	0	1
jhamt	0	0	0	0	0	0	0	0	1
cyp4d14	0	0	0	0	0	0	0	0	1
cg5011	0	0	0	0	0	0	0	0	1
totx	0	0	0	0	0	0	0	0	1
cg18748	0	0	0	0	0	0	0	0	1
scp2	0	0	0	0	0	0	0	0	1
muc12ea	0	0	0	0	0	0	0	0	1
cg10910	0	0	0	0	0	0	0	0	1
cg5096	0	0	0	0	0	0	0	0	1
cg10051	0	0	0	0	0	0	0	0	1
cg4459	0	0	0	0	0	0	0	0	1
his2b:cg33888	0	0	0	0	0	0	0	0	1
cg10300	0	0	0	0	0	0	0	0	1
lsp1alpha	0	0	0	0	0	0	0	0	1
ser8	0	0	0	0	0	0	0	0	1
cg44013	0	0	0	0	0	0	0	0	1
cg42335	0	0	0	0	0	0	0	0	1
cg9522	0	0	0	0	0	0	0	0	1
ninae	0	0	0	0	0	0	0	0	1
cg34176	0	0	0	0	0	0	0	0	1
or85f	0	0	0	0	0	0	0	0	1
cg18417	0	0	0	0	0	0	0	0	1
cg34198	0	0	0	0	0	0	0	0	1
cg11345	0	0	0	0	0	0	0	0	1
lectin-24a	0	0	0	0	0	0	0	0	1
cg11912	0	0	0	0	0	0	0	0	1
cg42876	0	0	0	0	0	0	0	0	1
obp84a	0	0	0	0	0	0	0	0	1
cg18735	0	0	0	0	0	0	0	0	1
cg32750	0	0	0	0	0	0	0	0	1
ir52d	0	0	0	0	0	0	0	0	1
ance-2	0	0	0	0	0	0	0	0	1
nplp1	0	0	0	0	0	0	0	0	1
dh31	0	0	0	0	0	0	0	0	1
fkh	0	0	0	0	0	0	0	0	1
cg7714	0	0	0	0	0	0	0	0	1
tsp29fa	0	0	0	0	0	0	0	0	1
lectin-37db	0	0	0	0	0	0	0	0	1
ugt37b1	0	0	0	0	0	0	0	0	1
cg30049	0	0	0	0	0	0	0	0	1
cg7381	0	0	0	0	0	0	0	0	1
cg5984	0	0	0	0	0	0	0	0	1
cg31087	0	0	0	0	0	0	0	0	1
takl1	0	0	0	0	0	0	0	0	1
gatae	0	0	0	0	0	0	0	0	1
acp54a1	0	0	0	0	0	0	0	0	1
cg34288	0	0	0	0	0	0	0	0	1
sox21b	0	0	0	0	0	0	0	0	1
cg31606	0	0	0	0	0	0	0	0	1
vml	0	0	0	0	0	0	0	0	1
gr93d	0	0	0	0	0	0	0	0	1
his1:cg33816	0	0	0	0	0	0	0	0	1
cg14551	0	0	0	0	0	0	0	0	1
cg13675	0	0	0	0	0	0	0	0	1
pre-mod(mdg4)-b	0	0	0	0	0	0	0	0	1
cg32284	0	0	0	0	0	0	0	0	1
jon25biii	0	0	0	0	0	0	0	0	1
cg5157	0	0	0	0	0	0	0	0	1
cg31926	0	0	0	0	0	0	0	0	1
cecb	0	0	0	0	0	0	0	0	1
drsl3	0	0	0	0	0	0	0	0	1
cg5921	0	0	0	0	0	0	0	0	1
gba1a	0	0	0	0	0	0	0	0	1
cg2269	0	0	0	0	0	0	0	0	1
pre-mod(mdg4)-aa	0	0	0	0	0	0	0	0	1
cg14669	0	0	0	0	0	0	0	0	1
dmglut	0	0	0	0	0	0	0	0	1
his2b:cg33884	0	0	0	0	0	0	0	0	1
cg13075	0	0	0	0	0	0	0	0	1
mthl15	0	0	0	0	0	0	0	0	1
met75ca	0	0	0	0	0	0	0	0	1
cg33514	0	0	0	0	0	0	0	0	1
nrx-1	0	0	0	0	0	0	0	0	1
ste:cg33239	0	0	0	0	0	0	0	0	1
shakb	0	0	0	0	0	0	0	0	1
acox57d-d	0	0	0	0	0	0	0	0	1
cg43061	0	0	0	0	0	0	0	0	1
cg5550	0	0	0	0	0	0	0	0	1
totc	0	0	0	0	0	0	0	0	1
cg3349	0	0	0	0	0	0	0	0	1
prosalpha1	0	0	0	0	0	0	0	0	1
cg17751	0	0	0	0	0	0	0	0	1
cg30047	0	0	0	0	0	0	0	0	1
cg43732	0	0	0	0	0	0	0	0	1
cg43737	0	0	0	0	0	0	0	0	1
cg33511	0	0	0	0	0	0	0	0	1
cg32017	0	0	0	0	0	0	0	0	1
tk	0	0	0	0	0	0	0	0	1
cg18581	0	0	0	0	0	0	0	0	1
cg9568	0	0	0	0	0	0	0	0	1
pgrp-sc2	0	0	0	0	0	0	0	0	1
rdga	0	0	0	0	0	0	0	0	1
cg43366	0	0	0	0	0	0	0	0	1
cg42818	0	0	0	0	0	0	0	0	1
cg11453	0	0	0	0	0	0	0	0	1
cg15170	0	0	0	0	0	0	0	0	1
cg42792	0	0	0	0	0	0	0	0	1
cg44250	0	0	0	0	0	0	0	0	1
cg7763	0	0	0	0	0	0	0	0	1
cg34205	0	0	0	0	0	0	0	0	1
cg44014	0	0	0	0	0	0	0	0	1
est-p	0	0	0	0	0	0	0	0	1
myc	0	0	0	0	0	0	0	0	1
neto	0	0	0	0	0	0	0	0	1
cg43938	0	0	0	0	0	0	0	0	1
oatp33eb	0	0	0	0	0	0	0	0	1
cg8468	0	0	0	0	0	0	0	0	1
cyp12d1-d	0	0	0	0	0	0	0	0	1
ihog	0	0	0	0	0	0	0	0	1
cg30395	0	0	0	0	0	0	0	0	1
claspin	0	0	0	0	0	0	0	0	1
cg34383	0	0	0	0	0	0	0	0	1
syt12	0	0	0	0	0	0	0	0	1
vvl	0	0	0	0	0	0	0	0	1
cg43795	0	0	0	0	0	0	0	0	1
cg31104	0	0	0	0	0	0	0	0	1
cg15021	0	0	0	0	0	0	0	0	1
yellow-g	0	0	0	0	0	0	0	0	1
im33	0	0	0	0	0	0	0	0	1
cg2861	0	0	0	0	0	0	0	0	1
his2b:cg33902	0	0	0	0	0	0	0	0	1
cg12825	0	0	0	0	0	0	0	0	1
cg8907	0	0	0	0	0	0	0	0	1
cg43235	0	0	0	0	0	0	0	0	1
cg11370	0	0	0	0	0	0	0	0	1
cg31928	0	0	0	0	0	0	0	0	1
rx	0	0	0	0	0	0	0	0	1
cg4009	0	0	0	0	0	0	0	0	1
zfh2	0	0	0	0	0	0	0	0	1
cg42613	0	0	0	0	0	0	0	0	1
tehao	0	0	0	0	0	0	0	0	1
cg5681	0	0	0	0	0	0	0	0	1
tsp42er	0	0	0	0	0	0	0	0	1
cg8960	0	0	0	0	0	0	0	0	1
cg13102	0	0	0	0	0	0	0	0	1
oatp58da	0	0	0	0	0	0	0	0	1
lysb	0	0	0	0	0	0	0	0	1
hsp70aa	0	0	0	0	0	0	0	0	1
gld	0	0	0	0	0	0	0	0	1
rg	0	0	0	0	0	0	0	0	1
nipped-b	0	0	0	0	0	0	0	0	1
cg34215	0	0	0	0	0	0	0	0	1
tsp2a	0	0	0	0	0	0	0	0	1
ugt86dj	0	0	0	0	0	0	0	0	1
sif	0	0	0	0	0	0	0	0	1
sp2353	0	0	0	0	0	0	0	0	1
cg9821	0	0	0	0	0	0	0	0	1
cg17242	0	0	0	0	0	0	0	0	1
nrv3	0	0	0	0	0	0	0	0	1
totm	0	0	0	0	0	0	0	0	1
slc45-1	0	0	0	0	0	0	0	0	1
mct1	0	0	0	0	0	0	0	0	1
med26	0	0	0	0	0	0	0	0	1
cg31898	0	0	0	0	0	0	0	0	1
drs	0	0	0	0	0	0	0	0	1
cg15465	0	0	0	0	0	0	0	0	1
cg42821	0	0	0	0	0	0	0	0	1
decay	0	0	0	0	0	0	0	0	1
cg13077	0	0	0	0	0	0	0	0	1
cg45084	0	0	0	0	0	0	0	0	1
cg32036	0	0	0	0	0	0	0	0	1
unr	0	0	0	0	0	0	0	0	1
set1	0	0	0	0	0	0	0	0	1
cg18109	0	0	0	0	0	0	0	0	1
cg43101	0	0	0	0	0	0	0	0	1
cp15	0	0	0	0	0	0	0	0	1
spn77bb	0	0	0	0	0	0	0	0	1
cg6974	0	0	0	0	0	0	0	0	1
vha100-5	0	0	0	0	0	0	0	0	1
cpo	0	0	0	0	0	0	0	0	1
cg9825	0	0	0	0	0	0	0	0	1
beat-vii	0	0	0	0	0	0	0	0	1
cg4377	0	0	0	0	0	0	0	0	1
spn77bc	0	0	0	0	0	0	0	0	1
ugt36ba	0	0	0	0	0	0	0	0	1
cg34027	0	0	0	0	0	0	0	0	1
asta	0	0	0	0	0	0	0	0	1
cg42833	0	0	0	0	0	0	0	0	1
cg16713	0	0	0	0	0	0	0	0	1
cg42591	0	0	0	0	0	0	0	0	1
cg7781	0	0	0	0	0	0	0	0	1
cg32500	0	0	0	0	0	0	0	0	1
cg14082	0	0	0	0	0	0	0	0	1
cg11638	0	0	0	0	0	0	0	0	1
cg43678	0	0	0	0	0	0	0	0	1
cg32797	0	0	0	0	0	0	0	0	1
cg18480	0	0	0	0	0	0	0	0	1
cg33012	0	0	0	0	0	0	0	0	1
cg7992	0	0	0	0	0	0	0	0	1
cg15040	0	0	0	0	0	0	0	0	1
hml	0	0	0	0	0	0	0	0	1
eif4g1	0	0	0	0	0	0	0	0	1
cg13482	0	0	0	0	0	0	0	0	1
ine	0	0	0	0	0	0	0	0	1
irk1	0	0	0	0	0	0	0	0	1
cg30160	0	0	0	0	0	0	0	0	1
his2b:cg33894	0	0	0	0	0	0	0	0	1
his1:cg33804	0	0	0	0	0	0	0	0	1
his2b:cg33896	0	0	0	0	0	0	0	0	1
cg46307	0	0	0	0	0	0	0	0	1
cg13678	0	0	0	0	0	0	0	0	1
fst	0	0	0	0	0	0	0	0	1
his2b:cg33880	0	0	0	0	0	0	0	0	1
cg15754	0	0	0	0	0	0	0	0	1
his2b:cg33872	0	0	0	0	0	0	0	0	1
osi15	0	0	0	0	0	0	0	0	1
his2b:cg33906	0	0	0	0	0	0	0	0	1
cg8157	0	0	0	0	0	0	0	0	1
cg13403	0	0	0	0	0	0	0	0	1
cg7179	0	0	0	0	0	0	0	0	1
att-orfb	0	0	0	0	0	0	0	0	1
pre-mod(mdg4)-p	0	0	0	0	0	0	0	0	1
sfp24bc	0	0	0	0	0	0	0	0	1
cg13082	0	0	0	0	0	0	0	0	1
cg5892	0	0	0	0	0	0	0	0	1
cg33998	0	0	0	0	0	0	0	0	1
cg30082	0	0	0	0	0	0	0	0	1
cg12766	0	0	0	0	0	0	0	0	1
cg6938	0	0	0	0	0	0	0	0	1
cg43896	0	0	0	0	0	0	0	0	1
cg16762	0	0	0	0	0	0	0	0	1
cg13358	0	0	0	0	0	0	0	0	1
gr43a	0	0	0	0	0	0	0	0	1
cg13905	0	0	0	0	0	0	0	0	1
cg33346	0	0	0	0	0	0	0	0	1
cg14369	0	0	0	0	0	0	0	0	1
nau	0	0	0	0	0	0	0	0	1
cg8160	0	0	0	0	0	0	0	0	1
cg13722	0	0	0	0	0	0	0	0	1
cg18294	0	0	0	0	0	0	0	0	1
cg45489	0	0	0	0	0	0	0	0	1
cg13231	0	0	0	0	0	0	0	0	1
cg32040	0	0	0	0	0	0	0	0	1
cg10097	0	0	0	0	0	0	0	0	1
rdhb	0	0	0	0	0	0	0	0	1
cg34301	0	0	0	0	0	0	0	0	1
cg17560	0	0	0	0	0	0	0	0	1
cg7135	0	0	0	0	0	0	0	0	1
dbx	0	0	0	0	0	0	0	0	1
cg30087	0	0	0	0	0	0	0	0	1
alpha-est2	0	0	0	0	0	0	0	0	1
cg13091	0	0	0	0	0	0	0	0	1
cpr66cb	0	0	0	0	0	0	0	0	1
alp2	0	0	0	0	0	0	0	0	1
cg42541	0	0	0	0	0	0	0	0	1
cg45487	0	0	0	0	0	0	0	0	1
cg3045	0	0	0	0	0	0	0	0	1
cg11951	0	0	0	0	0	0	0	0	1
muc11a	0	0	0	0	0	0	0	0	1
mid	0	0	0	0	0	0	0	0	1
cg15765	0	0	0	0	0	0	0	0	1
iris	0	0	0	0	0	0	0	0	1
sr-civ	0	0	0	0	0	0	0	0	1
cg30090	0	0	0	0	0	0	0	0	1
cg31036	0	0	0	0	0	0	0	0	1
