name	Lind_up	Lind_down	He_up	He_down	Bai_F_abd_up	Bai_F_abd_down	Bai_F_head_up	Bai_F_head_down	Bai_M_abd_up	Bai_M_abd_down	Bai_M_head_up	Bai_M_head_down	Det_up	Det_down	Car_up	Car_down
CG13029	4,31	0	0	0	0	0	0	0	0	0	0	0	0	0	0	0
CG13947	3,4	0	0	0	0	0	0	0	0	0	0	0	0	0	0	0
CR43361	3,38	0	0	0	0	0	0	0	0	0	0	0	0	0	0	0
Lsp1beta	3,3	0	0	0	0	0	0	0	0	-1,07	0	0	0	0	0	0
CG1971	3,28	0	0	0	0	0	0	0	0	0	0	0	0	0	0	0
CG14985	2,95	0	0	0	0	0	0	0	0	0	0	0	0	0	0	0
l(2)03659	2,42	0	0	0	0	0	0	0	0	0	0	0	0	0	0	0
tyn	2,39	0	0	0	0	0	0	0	0	0	0	0	0	0	0	0
lncRNA:CR42861	2,32	0	0	0	0	0	0	0	0	0	0	0	0	0	0	0
CG10725	2,31	0	0	0	0	0	0	0	0	0	0	0	0	0	0	0
LysE	2,27	0	0	0	0	0	0	0	0	0	0	0	0	0	0	0
nrm	2,18	0	0	0	0	0	0	0	0	0	0	0	0,747770352	0	0	0
spirit	2,01	0	0	0	0	0	0	0	0	0	0	0	0	0	0	0
Cyp4p2	2,01	0	0	0	0	0	0	0	0	0	0	0	0	0	0	0
l(2)41Ab	1,98	0	0	0	0	0	0	0	0	0	0	0	0	0	0	0
Oatp58Dc	1,89	0	0	0	0	0	0	0	0	0	0	0	0	0	0	0
GstD4	1,84	0	0	0	0	0	0	0	0	0	0	0	0	0	0	0
Rpt3R	1,84	0	0	0	0	0	0	0	0	0	0	0	0	0	0	0
CG10962	1,83	0	0	0	0	0	0	-1,54	0	0	0	0	0	0	0	0
CG9170	1,78	0	0	0	0	0	0	0	0	0	0	0	0	0	0	0
tty	1,75	0	0	0	0	0	0	0	0	0	0	0	0	0	0	0
corolla	1,74	0	0	0	0	0	0	0	0	0	0	0	0	0	0	0
CG8858	1,71	0	0	0	0	0	0	0	0	0	0	0	0	0	0	0
CG43679	1,7	0	0	0	0	0	0	0	0	0	0	0	0	0	0	0
CG31997	1,69	0	0	0	0	0	0	0	0	0	0	0	0,524400314	0	0	0
Jon99Cii	1,65	0	0	0	0	0	0	0	0	0	0	0	0	0	0	0
CG12708	1,64	0	0	0	0	0	0	0	0	0	0	0	0	0	0	0
Pepck2	1,61	0	0	0	0	0	0	0	0	0	0	0	0	0	0	0
tsh	1,59	0	0	0	0	0	0	0	0	0	0	0	0	0	0	0
Cyp4p1	1,58	0	0	0	0	0	0	0	0	0	0	0	0	0	0	0
Ctl2	1,56	0	0	0	0	-0,5	0	0	0	0	0	0	0	0	0	0
fiz	1,55	0	0	0	0	0	0	0	0	0	0	0	0	0	0	0
CG7102	1,36	0	0	0	0	0	0	0	0	0	0	0	0	0	0	0
CG1246	1,35	0	0	0	0	0	0	0	0	0	0	0	0	0	0	0
CG42674	1,33	0	0	0	0	0	0	0	0	0	0	0	0	0	0	0
CG1503	1,33	0	0	0	0	0	0	0	0	0	0	0	0	0	0	0
lncRNA:CR43837	1,3	0	0	0	0	0	0	0	0	0	0	0	0	0	0	0
CG15365	1,3	0	0	0	0	0	0	0	0	0	0	0	0	0	0	0
Ugt50B3	1,27	0	0	0	0	0	0	0	0	0	0	0	0	-0,726993421	2,24	0
Apl	1,27	0	0	0	0	0	0	0	0	0	0	0	0	0	0	0
ZnT41F	1,26	0	0	0	0	0	0	0	0	0	0	0	0	0	0	0
Grip91	1,26	0	0	0	0	0	0	0	0	0	0	0	0	0	0	0
CG4842	1,26	0	0	0	0	0	0	0	0	0	0	0	0	0	0	0
CG3690	1,24	0	0	0	0	0	0	0	0	0	0	0	0	0	0	0
g	1,2	0	0	0	0	0	0	0	0	0	0	0	0	0	0	0
CG34195	1,18	0	0	0	0	0	0	0	0	0	0	0	0	0	0	0
mus101	1,18	0	0	0	0	0	0	0	0	0	0	0	0	0	0	0
Nna1	1,17	0	0	0	0	0	0	0	0	0	0	0	0,490229641	0	0	0
Sox102F	1,15	0	0	0	0	0	0	0	0	0	0	0	0	0	0	0
CG2993	1,14	0	0	0	0	0	0	0	0	0	0	0	0	0	0	0
sand	1,12	0	0	0	0	0	0	0	0	0	0	0	0	0	0	0
CG9941	1,11	0	0	0	0	0	0	0	0	0	0	0	0	0	0	0
Mal-B2	1,1	0	0	0	0	0	0	0	0	0	0	0	0	0	0	0
CG15865	1,1	0	0	0	0	0	0	0	0	0	0	0	0	0	0	0
CG7860	1,09	0	0	0	0	0	0	0	0	0	0	0	0	0	0	0
fuss	1,07	0	0	0	0	0	0	0	0	0	0	0	0	0	0	0
Cyp6a14	1,06	0	0	0	0	0	0	0	0	0	0	0	0	0	0	0
CG15784	1,01	0	0	0	0	0	0	0	0	0	0	0	0	0	0	0
CG31999	1,01	0	0	0	0	0	0	0	0	0	0	0	0	0	0	0
CG7882	1	0	0	0	0	0	0	0	0	0	0	0	0	0	0	0
dgo	1	0	0	0	0	0	0	0	0	0	0	0	0	0	0	0
CG11699	0,99	0	0	0	0	0	0	0	0	0	0	0	0	0	0	0
nolo	0,98	0	0	-1,33	0	0	0	0	0	0	0	0	0	0	0	0
CG15628	0,95	0	0	0	0	0	0	0	1,17	0	0	0	0	0	0	0
CG7720	0,95	0	0	0	0,75	0	0	0	0	0	0	0	0	0	0	0
RhoU	0,95	0	0	0	0	0	0	0	0	0	0	0	0	0	0	0
FipoQ	0,95	0	0	0	0	0	0	0	0	0	0	0	0,703937262	0	0	0
CG14292	0,94	0	1,3	0	0	0	0	0	0	0	0	0	0,582961439	0	0	0
cib	0,94	0	0	0	0	-0,55	0	0	0	0	0	0	0	0	0	0
spartin	0,94	0	0	0	0	0	0	0	0	0	0	0	0	0	0	0
CG9717	0,93	0	0	0	0	0	0	0	0	0	0	0	0,896500126	0	0	0
CG11134	0,92	0	0	0	0	0	0	0	0	0	0	0	0	0	0	0
CG6656	0,92	0	0	0	0	0	0	0	0	0	0	0	0	0	0	0
Mur18B	0,89	0	1,55	0	0	0	0	0	0	-0,49	0	0	0	0	0	0
CG11151	0,89	0	0	0	0	0	0	0	0	0	0	0	0	0	0	0
Gprk2	0,86	0	0	0	0	0	0	0	0	0	0	0	0	0	0	0
PIG-A	0,85	0	0	0	0	0	0	0	0	0	0	0	0	0	0	0
nxf2	0,83	0	0	0	0	0	0	0	0	0	0	0	0	0	0	0
Ance-5	0,82	0	0	0	0	0	0	-0,73	0	0	0	-0,89	0	0	0	-10
CG8097	0,77	0	0	0	0	-0,85	0	0	0	0	0	0	0	0	0	0
GstE8	0,77	0	0	0	0	0	0	0	0	0	0	0	0	0	0	0
modSP	0,75	0	0	0	0	0	0	0	0	0	0	0	0	0	0	0
CG11241	0,74	0	0	0	0	0	0	0	0	0	0	0	0	0	0	0
CG31262	0,72	0	0	0	0	0	0	0	0	0	0	0	0	0	0	0
ana2	0,7	0	0	0	0	0	0	0	0	0	0	0	0	0	0	0
CG5316	0,68	0	0	0	0	0	0	0	0	0	0	0	0	0	0	0
CG30382	0,68	0	0	0	0	0	0	0	0	0	0	0	0	0	0	0
mthl5	0,64	0	0	0	0	0	0	0	0	0	0	0	0	0	0	0
Ire1	0,64	0	0	0	0	0	0	0	0	0	0	0	0	0	0	0
Cul6	0,63	0	0	0	0	0	0	0	0	0	0	0	0	0	0	0
vari	0,62	0	0	0	0	0	0	0	0	0	0	0	0	0	0	0
CG31075	0,61	0	0	0	0	0	0	0	0	0	0	-0,52	0	0	0	0
CG6293	0,61	0	0	0	0	0	0	0	0	0	0	0	0	0	0	0
None	0	0	0	0	0	0	0	0	0	0	0	0	0	0	0	0
phr	0,59	0	0	0	0	0	0	0	0	0	0	0	0	0	0	0
Fhos	0,59	0	0	0	0	0	0	0	0	0	0	0	0	0	0	0
Vps39	0,56	0	0	0	0	0	0	0	0	0	0	0	0	0	0	0
CG32486	0,56	0	0	0	0	0	0	0	0	0	0	0	0	0	0	0
Lpin	0,54	0	0	0	0	0	0	0	0	0	0	0	0	0	0	0
rec	0,54	0	0	0	0	0	0	0	0	0	0	0	0	0	0	0
Nepl3	0,54	0	0	0	0	0	0	0	0	0	0	0	0	0	0	0
CG5613	0,53	0	0	0	0	0	0	0	0	0	0	0	0	0	0	0
Keap1	0,53	0	0	0	0	0	0	0	0	0	0	0	0	0	0	0
Akr1B	0,52	0	0	0	0	0	0	-0,61	0	0	0	-0,75	0	0	0	0
CG7110	0,51	0	0	0	0	0	0	0	0	0	0	0	0	0	0	0
Lrch	0,49	0	0	0	0	0	0	0	0	0	0	0	0	0	0	0
RpII140	0,49	0	0	0	0	0	0	0	0	0	0	0	0	0	0	0
Mvl	0,45	0	0	0	0	0	0	0	0	0	0	0	0	0	0	0
CG5194	0,45	0	0	0	0	0	0	0	0	0	0	0	0	0	0	0
CG32638	0,43	0	0	0	0	0	0	0	0	0	0	0	0	0	0	0
Npl4	0,42	0	0	0	0	-0,43	0	0	0	0	0	0	0	0	0	0
kcc	0,41	0	0	0	0	0	0	0	0	0	0	0	0	0	0	0
CG9795	0,41	0	0	0	0	0	0	0	0	0	0	0	0	0	0	0
GlcAT-S	0,4	0	0	0	0	0	0	0	0	0	0	0	0	0	0	0
Acph-1	0,38	0	0	0	0	0	0	0	0	0	0	0	0	0	0	0
PhKgamma	0,36	0	0	0	0	0	0	0	0	0	0	0	0	0	0	0
mus301	0,35	0	0	0	0	0	0	0	0	0	0	0	0	0	0	0
CG11357	0,34	0	0	0	0	0	0	0	0	0	0	0	0	0	0	0
Pih1D1	0,34	0	0	0	0	0	0	0	0	0	0	0	0	0	0	0
Mpc1	0,33	0	0	0	0	0	0	0	0	0	0	0	0	0	0	0
Acox57D-p	0,32	0	0	0	0	0	0	0	0	0	0	0	0	0	0	0
CG8671	0,3	0	0	0	0	0	0	0	0	0	0	0	0	0	0	0
LPCAT	0,3	0	0	0	0	0	0	0	0	0	0	0	0	0	0	0
CG4570	0	-8,21	0	0	0	0	0	0	0	0	0	0	0	0	0	0
narya	0	-5,4	0	0	0	0	0	0	0	0	0	0	0	0	0	0
Map205	0	-5,35	0	0	0	0	0	0	0	0	0	0	0	0	0	0
CR43309	0	-4,57	0	0	0	0	0	0	0	0	0	0	0	0	0	0
CG7900	0	-4,55	0	0	0	-0,47	0	0	0	0	0	0	0	0	0	0
asRNA:CR45600	0	-4,2	0	0	0	0	0	0	0	0	0	0	0	0	0	0
CG7542	0	-4	0	0	0	0	0	0	0	0	0	0	0	0	0	0
Oseg5	0	-3,99	0	0	0	0	0	0	0	0	0	0	0	0	0	0
lncRNA:CR43960	0	-3,73	0	0	0	0	0	0	0	0	0	0	0	0	0	0
CG17470	0	-3,46	0	0	0	0	0	0	0	0	0	0	0	0	0	0
CG12592	0	-3,29	0	0	0	0	0	0	0	0	0	0	0	0	0	0
CG33926	0	-3,23	0	0	0	0	0	0	0	0	0	0	0	0	0	0
Oatp58Db	0	-3,11	0	0	0	0	0	0	0	0	0	0	0	0	0	0
Drsl4	0	-2,71	0	0	0	0	0	0	0	0	0	0	0	0	0	0
mtt	0	-2,67	0	0	0	0	0	0	0	0	0	0	0	0	0	0
CG8027	0	-2,65	0	0	0	0	0	0	0	0	0	0	0	0	0	0
phr6-4	0	-2,64	0	0	0	0	0	0	0	0	0	0	0	0	0	0
GILT3	0	-2,59	0	0	0	0	0	0	0	0	0	0	0	0	0	0
rst	0	-2,44	0	0	0	0	0	0	0	0	0	0	0	0	0	0
Vha100-4	0	-2,14	0	0	0	0	0	0	0	0	0	0	0	0	0	0
Ugt36E1	0	-2,12	0,55	0	0	0	0	0	0	0	0	0	0	0	0	0
kirre	0	-2,07	0	0	0	0	0	0	0	0	0	0	0	0	0	0
UGP	0	-2,06	0	0	0	0	0	0	0	-0,61	0	-0,59	0	0	0	0
CG5767	0	-1,99	0	0	0	0	0	0	0	0	0	0	0	0	0	0
Ten-a	0	-1,95	0	0	0	0	0	0	0	0	0	0	0,706429041	0	0	0
CG1946	0	-1,81	0	0	0	0	0	0	0	0	0	0	0	0	0	0
antdh	0	-1,72	0	0	0	0	0	0	0	0	0	0	0	0	0	0
Sclp	0	-1,68	0	0	0	0	0	0	0	0	0	0	0	0	0	0
Odc1	0	-1,65	0	0	0	0	0	0	0	0	0	-0,79	0	0	0	0
sosie	0	-1,63	0	0	0	0	0	0	0	0	0	0	0	0	0	0
Fancm	0	-1,63	0	0	0	0	0	0	0	0	0	0	0	0	0	0
CG32834	0	-1,57	0	0	0	0	0	0	0	0	0	0	0,936394239	0	0	0
CG43255	0	-1,48	0	0	0	0	0	0	0	0	0	0	0	0	0	0
CG4363	0	-1,45	0	0	0	0	0	0	0	0	0	0	0	0	0	0
CG12112	0	-1,44	0	0	0	0	0	0	0	0	0	0	0	0	0	0
rhi	0	-1,44	0	0	0	0	0	0	0	0	0	0	0	0	0	0
Pde6	0	-1,43	0	0	0	0	0	0	0	0	0	0	0	0	0	0
whe	0	-1,4	0	0	0	0	0	0	0	0	0	0	0	0	0	0
Hsp23	0	-1,4	0	0	0	0	0	0	0	0	0	0	0	0	0	0
MtnA	0	-1,38	0	0	0	0	0	0	0	0	0	0	0	0	0	0
CR14033	0	-1,29	1,31	0	0	0	0	0	0	0	0	0	0	0	0	0
CG1941	0	-1,28	0	0	0	0	0	0	0	0	0	0	0	0	0	0
CG4733	0	-1,27	0	0	0	0	0	0	0	0	0	0	0	0	0	0
Oseg4	0	-1,27	0	0	0	0	0	0	0	0	0	0	0	0	0	0
CG10550	0	-1,24	0	0	0	0	0	0	0	0	0	0	0,750157321	0	0	0
DNaseII	0	-1,23	0	0	0	0	0	0	0	0	0	0	0	0	0	0
CG34330	0	-1,21	0	0	0	0	0	0	0	0	0	0	0	0	0	0
GstD1	0	-1,14	0	0	0	0	0	0	0	0	0	0	0	0	0	0
CG32243	0	-1,11	0	0	0	0	0	0	0	0	0	0	0	0	0	0
Ady43A	0	-1,08	0	0	0	0	0	0	0	0	0	0	0	0	0	0
CG4860	0	-1,02	0	0	0	0	0	0	0	0	0	0	0	0	0	0
qtc	0	-1,02	0	0	0	0	0	0	0	0	0	0	0	0	0	0
kermit	0	-1	0	0	0	0	0	0	0	0	0	0	0	0	0	0
CG17186	0	-0,98	0	0	0	0	0	0	0	0	0	0	0	0	0	0
CG8229	0	-0,96	0	0	0	0	0	0	0	0	0	0	0	0	0	0
CG1827	0	-0,95	0	0	0	0	0	0	0	-0,62	0	0	0	0	0	0
CG11852	0	-0,93	0	0	0	0	0	0	0	0	0	0	0,816863534	0	0	0
CG9344	0	-0,93	0	0	0	0	0	0	0	0	0	0	0	0	0	0
c(3)G	0	-0,89	0	0	1,07	0	0	0	0	0	0	0	0	0	0	0
CG14102	0	-0,86	0	0	0	0	0	0	0	0	0	0	0	0	0	0
GstZ1	0	-0,85	0	0	0	0	0	0	0	0	0	0	0	0	0	0
RpS5b	0	-0,85	0	0	0	0	0	0	0	0	0	0	0	0	0	0
IntS12	0	-0,85	0	0	0	0	0	0	0	0	0	0	0	0	0	0
CG10654	0	-0,84	0	0	0	0	0	0	0	0	0	0	0	0	0	0
Hsp26	0	-0,8	0	0	0	-1,02	0	0	0	-1,06	0	0	0	0	0	0
lncRNA:CR31044	0	-0,79	0	0	0	0	0	0	0	0	0	0	0	0	0	0
CG10623	0	-0,78	0	0	0	-0,89	0	0	0	0	0	0	0	0	0	0
RpS9	0	-0,71	0	0	0	0	0	-0,49	0	0	0	0	0	0	0	0
CG12075	0	-0,71	0	0	0	0	0	0	0	0	0	0	0	0	0	0
mRpL37	0	-0,71	0	0	0	0	0	0	0	0	0	0	0	0	0	0
kar	0	-0,71	0	0	0	0	0	0	0	0	0	0	0	0	0	0
CG12338	0	-0,7	0	0	0	0	0	0	0	0	0	0	0	0	0	0
CG7565	0	-0,7	0	0	0	0	0	0	0	0	0	0	0	0	0	0
CG10344	0	-0,7	0	0	0	0	0	0	0	0	0	0	0	0	0	0
Art8	0	-0,67	0	0	0	0	0	0	0	0	0	0	0	0	0	0
CG1360	0	-0,66	0	0	0	0	0	0	0	0	0	0	0	0	0	0
CG2200	0	-0,66	0	0	0	0	0	0	0	0	0	0	0	0	0	0
ntc	0	-0,65	0	0	0	0	0	0	0	0	0	0	0	0	0	0
Nha1	0	-0,64	0	0	0	0	0	0	0	0	0	0	0	0	0	0
lncRNA:CR32027	0	-0,62	0	0	0	0	0	0	0	0	0	0	0	0	0	0
CG4820	0	-0,61	0	0	0	0	0	0	0	0	0	0	0	0	0	0
Urod	0	-0,6	0	0	0	0	0	0	0	0	0	0	0	0	0	0
CG13667	0	-0,59	0	0	0	0	0	0	0	0	0	0	0	0	0	0
mldr	0	-0,58	0	0	0	0	0	0	0	0	0	0	0	0	0	0
CG3732	0	-0,57	0	0	0	0	0	0	0	0	0	0	0	0	0	0
Nxf3	0	-0,56	0	0	0	0	0	0	0	0	0	0	0	0	0	0
Hrb27C	0	-0,56	0	0	0	0	0	0	0	0	0	0	0	0	0	0
Smyd5	0	-0,55	0	0	0	0	0	0	0	0	0	0	0	0	0	0
Dhpr	0	-0,53	0	0	0	0	0	0	0	0	0	0	0	0	0	0
CG31038	0	-0,52	0	0	0	0	0	0	0	0	0	0	0	0	0	0
Fdx2	0	-0,51	0	0	0	0	0	0	0	0	0	0	0	0	0	0
CG12321	0	-0,5	0	0	0	0	0	0	0	0	0	0	0	0	0	0
Rai1	0	-0,49	0	0	0	0	0	0	0	0	0	0	0	0	0	0
RpLP0	0	-0,48	0	0	0	0	0	0	0	0	0	0	0	0	0	0
TyrRS-m	0	-0,48	0	0	0	0	0	0	0	0	0	0	0	0	0	0
Ip259	0	-0,47	0	0	0	0	0	0	0	0	0	0	0	0	0	0
mEFTu2	0	-0,47	0	0	0	0	0	0	0	0	0	0	0	0	0	0
CG5989	0	-0,47	0	0	0	0	0	0	0	0	0	0	0	0	0	0
alpha-Est1	0	-0,47	0	0	0	0	0	0	0	0	0	0	0	0	0	0
Jheh2	0	-0,46	0	0	0	0	0	0	0	-0,49	0	0	0	0	0	0
scramb1	0	-0,44	0	0	0	0	0	0	0	0	0	0	0	0	0	0
Reg-5	0	-0,42	0	0	0	0	0	0	0	0	0	0	0	0	0	0
Sas10	0	-0,41	0	0	0	0	0	0	0	0	0	0	0	0	0	0
l(1)G0320	0	-0,4	0	0	0	0	0	0	0	0	0	0	0	0	0	0
SerRS-m	0	-0,39	0	0	0	0	0	0	0	0	0	0	0	0	0	0
rswl	0	-0,37	0	0	0	0	0	0	0	0	0	0	0	0	0	0
Tsp66E	0	-0,37	0	0	0	0	0	0	0	0	0	0	0	0	0	0
CG15812	0	-0,35	0	0	0	0	0	0	0	0	0	0	0	0	0	0
AsnRS	0	-0,31	0	0	0	0	0	0	0	0	0	0	0	0	0	0
CG6937	0	-0,3	0	0	0	0	0	0	0	0	0	0	0	-0,402790926	0	0
AdSL	0	-0,3	0	0	0	0	0	0	0	0	0	0	0	0	0	0
r-l	0	-0,3	0	0	0	0	0	0	0	0	0	0	0	0	0	0
CG2972	0	-0,3	0	0	0	0	0	0	0	0	0	0	0	0	0	0
CG14805	0	-0,29	0	0	0	0	0	0	0	0	0	0	0	0	0	0
RpL22-like	0	0	3,2	0	0	0	0	0	0	0	0	0	0	0	0	0
asRNA:CR43614	0	0	3,04	0	0	0	0	0	0	0	0	0	0	0	0	0
uif	0	0	2,43	0	0,66	0	0	0	0	0	0	0	0,726514742	0	0	0
SkpC	0	0	1,72	0	0	0	0	0	0	0	0	0	0	0	0	0
dany	0	0	1,67	0	0	0	0	0	0	0	0	0	0	0	0	0
TotA	0	0	1,56	0	0	0	0	0	0	0	0	0	0	0	0	0
lncRNA:CR44357	0	0	1,55	0	0	0	0	0	0	0	0	0	0,906195564	0	0	0
CG13101	0	0	1,54	0	0	0	0	0	0	0	0	0	0	0	0	0
CG42857	0	0	1,5	0	0	0	0	0	0	0	0	0	0	0	0	0
CG13375	0	0	1,49	0	0	0	0	0	0	0	0	0	0	0	0	0
CG15408	0	0	1,48	0	0	0	0	0	0	0	0	0	0	0	0	0
CG14245	0	0	1,3	0	0	0	0	0	0	0	0	0	0	0	0	0
CG6602	0	0	1,26	0	0	0	0	0	0	-0,63	0	0	0	0	0	0
CG17752	0	0	1,23	0	0	0	0	0	0	0	0	0	0	0	0	0
tut	0	0	1,13	0	0	0	0	0	0	0	0	0	0	0	0	0
Mco1	0	0	1,13	0	0	0	0,66	0	0	0	0	0	0	0	0	0
CG15279	0	0	1,06	0	0	0	0	0	0	0	0	0	0	0	0	0
CG42235	0	0	1,05	0	0	0	0	0	0	0	0	0	0	0	0	0
CG14346	0	0	1,04	0	0	0	0	0	0	0	0	0	0	0	0	0
CG3270	0	0	1	0	0	0	0	0	0	0	0	-0,73	0	0	0	0
Nox	0	0	0,87	0	0	0	0	0	0	0	0	0	0	0	0	0
wtrw	0	0	0,87	0	0	0	0	0	0	0	0	0	0	0	0	0
otk2	0	0	0,85	0	0	0	0	0	0	0	0	0	0	0	0	0
lncRNA:CR43250	0	0	0,85	0	0	0	0	0	0	0	0	0	0	0	0	0
jigr1	0	0	0,77	0	0	0	0	0	0	0	0	0	0	0	0	0
Ilp8	0	0	0,67	0	0	-1,72	0	0	0	0	0	0	0	0	0	0
CG17691	0	0	0,58	0	0	0	0	0	0	0	0	0	0	0	0	0
CG10237	0	0	0,58	0	0	0	0	0	0	0	0	0	0	0	0	0
Cpr76Bd	0	0	0	-2,24	0	0	0	0	0	0	0	0	0	0	0	0
CG18258	0	0	0	-2,18	0	0	0	0	0	0	0	0	0,749583337	0	0	0
nompC	0	0	0	-1,77	0	0	0	0	0	0	0	0	0	0	0	0
Cyp6a13	0	0	0	-1,37	0	0	0	0	0	0	0	0	0	0	0	0
lncRNA:CR44285	0	0	0	-1,31	0	0	0	0	0	0	0	0	0	0	0	0
CG40298	0	0	0	-1,25	0	0	0	0	0	0	0	0	0	0	0	0
Lime	0	0	0	-1,16	0	0	0	0	0	0	0	0	0	0	0	0
CG5111	0	0	0	-1,07	0	0	0	0	0	0	0	0	0	0	0	0
CG34445	0	0	0	-1,05	0	0	0	0	0	0	0	0	0	0	0	0
Obp44a	0	0	0	-1,05	0	0	0	0	0	0	0	0	0	0	0	0
TpnC73F	0	0	0	-1,02	0,76	0	0	0	0	0	0	0	0	0	0	0
Scp1	0	0	0	-1	0	0	0	0	0	0	0	0	0,991615294	0	0	0
Mlc2	0	0	0	-0,97	1	0	0	0	1,02	0	0	0	0	0	0	0
CG1544	0	0	0	-0,93	0	0	0	-0,79	0	0	0	0	0	0	0	0
Neurochondrin	0	0	0	-0,91	0,76	0	0	0	0	0	0	0	0,626181012	0	0	0
lncRNA:CR44263	0	0	0	-0,84	0	0	0	0	0	0	0	0	0	0	0	0
CG3831	0	0	0	-0,53	0	0	0	0	0	0	0	0	0	0	0	0
DptB	0	0	0	0	2,65	0	1,12	0	0	0	0	0	0	0	0	0
AttC	0	0	0	0	2,08	0	0	0	0	0	0	0	0	0	0	0
edin	0	0	0	0	1,98	0	0	0	0	0	0	0	0	0	0	0
AttD	0	0	0	0	1,83	0	0,7	0	0	0	0	0	0	0	0	0
fln	0	0	0	0	1,53	0	0	0	1,41	0	0	0	0	0	0	0
Lmpt	0	0	0	0	1,5	0	0	0	1,29	0	0	0	0	0	0	0
TpnC4	0	0	0	0	1,45	0	0	0	1,14	0	0	0	0	0	0	0
CG43897	0	0	0	0	1,44	0	0	0	1,66	0	0	0	0,744853095	0	0	0
CG18420	0	0	0	0	1,44	0	0,89	0	0	0	0	0	0	0	1,18	0
Zasp67	0	0	0	0	1,42	0	0	0	0,94	0	0	0	0	0	0	0
Strn-Mlck	0	0	0	0	1,41	0	0	0	1,12	0	0	0	0,811465976	0	0	0
bt	0	0	0	0	1,41	0	0	0	1,27	0	0	0	0,772066798	0	0	0
up	0	0	0	0	1,41	0	0	0	1,23	0	0	0	0	0	0	0
Unc-89	0	0	0	0	1,4	0	0	0	1,17	0	0	0	0,758041484	0	0	0
CG11854	0	0	0	0	1,39	0	0	0	0	0	0	0	0	0	0	0
Zasp52	0	0	0	0	1,37	0	0	0	1,42	0	0	0	0,557296546	0	0	0
frac	0	0	0	0	1,36	0	0	0	0	0	0	0	0,988180664	0	0	0
CG5687	0	0	0	0	1,35	0	0	0	0	0	0	0	0,580433336	0	0	0
FarO	0	0	0	0	1,32	0	0	0	0	0	0	0	0	0	0	0
GstS1	0	0	0	0	1,31	0	0	0	0	0	0	0	0	0	0	0
Mpcp1	0	0	0	0	1,31	0	0	0	1,35	0	0	0	0	0	0	0
CG4017	0	0	0	0	1,31	0	0	0	0	0	0	0	0	0	0	0
pirk	0	0	0	0	1,28	0	0	0	0	0	0	0	0	0	0	0
CG8888	0	0	0	0	1,26	0	0	0	0	0	0	0	0	0	0	0
CG18304	0	0	0	0	1,25	0	0	0	1,05	0	0	0	0	0	0	0
eEF1alpha2	0	0	0	0	1,23	0	0	0	1,27	0	0	0	0	0	0	0
l(2)01289	0	0	0	0	1,21	0	0	0	0,72	0	0	0	0	0	0	0
CG31140	0	0	0	0	1,21	0	0	0	0	0	0	0	0	0	0	0
CG32333	0	0	0	0	1,2	0	0	0	0,85	0	0	0	0	0	0	0
Uro	0	0	0	0	1,2	0	0	0	0	0	0	0	0	0	0	0
LUBEL	0	0	0	0	1,19	0	0	0	0,9	0	0	0	0,558981585	0	0	0
Mhc	0	0	0	0	1,18	0	0	0	1,2	0	0	0	0	0	0	0
Ance-3	0	0	0	0	1,18	0	0	0	0	0	0	0	0	0	0	0
CG15617	0	0	0	0	1,18	0	0	0	1,51	0	0	0	0	0	0	0
Nckx30C	0	0	0	0	1,16	0	0	0	0	0	0	0	0	0	0	0
Pkcdelta	0	0	0	0	1,16	0	0	0	0	0	0	0	0,501222008	0	0	0
CG1136	0	0	0	0	1,15	0	0	0	0	0	0	0	0,622633765	0	0	0
CG9400	0	0	0	0	1,15	0	0	0	0	0	0	0	0	0	0	0
CG15043	0	0	0	0	1,15	0	0	0	0	0	0	0	0	0	0	0
RyR	0	0	0	0	1,14	0	0	0	0	0	0	0	0,620921865	0	0	0
Gpo1	0	0	0	0	1,14	0	0	0	1,05	0	0	0	0,705602855	0	0	0
CG13311	0	0	0	0	1,13	0	0	0	0	0	0	0	0	0	0	0
clumsy	0	0	0	0	1,13	0	0	0	1,09	0	0	0	0,645096528	0	0	0
CG9812	0	0	0	0	1,12	0	0	0	0	0	0	0	0,895346697	0	0	0
CG1674	0	0	0	0	1,12	0	0	0	0,96	0	0	0	0,885912622	0	0	0
CG32521	0	0	0	0	1,11	0	0	0	0	0	0	0	0	0	0	0
CG34462	0	0	0	0	1,11	0	0	0	0	0	0	0	0	0	0	0
yellow-b	0	0	0	0	1,11	0	0	0	0	0	0	0	0	0	0	0
ds	0	0	0	0	1,11	0	0	0	0	0	0	0	0	0	0	0
Hsc70-1	0	0	0	0	1,1	0	0	0	0,86	0	0	0	0,805793605	0	0	0
Octalpha2R	0	0	0	0	1,1	0	0	0	0	0	0	0	0	0	0	0
brp	0	0	0	0	1,09	0	0	0	0	0	0	0	0	0	0	0
sals	0	0	0	0	1,09	0	0	0	0	0	0	0	0,582329853	0	0	0
Shaw	0	0	0	0	1,09	0	0	0	0	0	0	0	0	0	0	0
Mlp60A	0	0	0	0	1,07	0	0	0	0,85	0	0	0	0,645620089	0	0	0
CG10505	0	0	0	0	1,07	0	0	0	0	0	0	0	0	0	0	0
Alk	0	0	0	0	1,07	0	0	0	0	0	0	0	0	0	0	0
p38c	0	0	0	0	1,07	0	0	0	0	0	0	0	0	0	0	0
ko	0	0	0	0	1,06	0	0	0	0	0	0	0	0	0	0	0
Msp300	0	0	0	0	1,06	0	0	0	0,77	0	0	0	0	0	0	0
Actn	0	0	0	0	1,06	0	0	0	0,99	0	0	0	0	0	0	0
Doa	0	0	0	0	1,05	0	0	0	0,8	0	0	0	0	0	0	0
Mlc1	0	0	0	0	1,05	0	0	0	1,08	0	0	0	0	0	0	0
NfI	0	0	0	0	1,04	0	0	0	0	0	0	0	0	0	0	0
CG11835	0	0	0	0	1,04	0	0	0	1,09	0	0	0	0	0	0	0
Lrp4	0	0	0	0	1,03	0	0	0	0	0	0	0	0	0	0	0
CG42700	0	0	0	0	1,02	0	0	0	0	0	0	0	0	0	0	0
bnb	0	0	0	0	1,01	0	0	0	0	0	0	0	0	0	0	0
CanA1	0	0	0	0	1	0	0	0	0	0	0	0	0	0	0	0
CG18067	0	0	0	0	1	0	0	0	0	0	0	0	0	0	0	0
SmydA-1	0	0	0	0	1	0	0	0	0	0	0	0	0	0	0	0
Fuca	0	0	0	0	0,99	0	0	0	0	0	0	0	0	0	0	0
CG14964	0	0	0	0	0,99	0	0	0	0	0	0	0	0	0	0	0
jbug	0	0	0	0	0,99	0	0	0	0	0	0	0	0	0	0	0
e	0	0	0	0	0,98	0	0	0	0	0	0	0	0	0	0	0
CG10359	0	0	0	0	0,98	0	0	0	0	0	0	0	0	0	0	0
if	0	0	0	0	0,98	0	0	0	0	0	0	0	0	0	0	0
CG45263	0	0	0	0	0,97	0	0	0	0	0	0	0	0	0	0	0
CG9372	0	0	0	0	0,97	0	0	0	0	0	0	0	0	0	0	0
Prm	0	0	0	0	0,97	0	0	0	0,87	0	0	0	0	0	0	0
CG7194	0	0	0	0	0,97	0	0	0	0	0	0	0	0	0	0	0
tn	0	0	0	0	0,96	0	0	0	0,71	0	0	0	0,656161359	0	0	0
CG42390	0	0	0	0	0,96	0	0	0	0,56	0	0	0	0	0	0	0
CG14949	0	0	0	0	0,96	0	0	0	0	0	0	0	0	0	0	0
CG44245	0	0	0	0	0,95	0	0	0	0	0	0	0	0,65031619	0	0	0
CG10211	0	0	0	0	0,95	0	0	0	0	0	0	0	0	0	0	0
Nplp3	0	0	0	0	0,95	0	0	0	0	0	0	0	0	0	0	0
CG5397	0	0	0	0	0,94	0	0	0	0	0	0	-0,63	0	0	0	0
SmydA-9	0	0	0	0	0,94	0	0	0	0	0	0	0	0,710935692	0	0	0
bond	0	0	0	0	0,94	0	0	0	0	0	0	0	0	0	0	0
wupA	0	0	0	0	0,94	0	0	0	1,14	0	0	0	0	0	0	0
Grip	0	0	0	0	0,93	0	0	0	0	0	0	0	0	0	0	0
Tm2	0	0	0	0	0,93	0	0	0	0,64	0	0	0	0	0	0	0
Cbp53E	0	0	0	0	0,93	0	0	0	0	0	0	0	0	0	0	0
CG43078	0	0	0	0	0,92	0	0	0	0,76	0	0	0	0	0	0	0
CG4000	0	0	0	0	0,92	0	0	0	0,77	0	0	0	0	0	0	0
CG5028	0	0	0	0	0,92	0	0	0	0,84	0	0	0	0	0	0	0
cona	0	0	0	0	0,91	0	0	0	0	0	0	0	0	0	0	0
tnc	0	0	0	0	0,91	0	0	0	0	0	0	0	0	0	0	0
AdamTS-B	0	0	0	0	0,91	0	0	0	0	0	0	0	0	0	0	0
Sarm	0	0	0	0	0,91	0	0	0	0	0	0	0	0	0	0	0
Tsf3	0	0	0	0	0,9	0	0	0	0	0	0	0	0	0	0	0
rgn	0	0	0	0	0,89	0	0	0	0,55	0	0	0	0	0	0	0
Pxn	0	0	0	0	0,88	0	0	0	0	0	0	0	0,918574771	0	0	0
form3	0	0	0	0	0,87	0	0	0	0	0	0	0	0	0	0	0
CG5758	0	0	0	0	0,87	0	0	0	0	0	0	0	0	0	0	0
CG31821	0	0	0	0	0,87	0	0	0	0	0	0	0	0	0	0	0
Unc-115b	0	0	0	0	0,87	0	0	0	0	0	0	0	0	0	0	0
CG5177	0	0	0	0	0,87	0	0	0	0	0	0	0	0,685071588	0	0	0
eya	0	0	0	0	0,87	0	0	0	0	0	0	0	0	0	0	0
epsilonTry	0	0	0	0	0,87	0	0	0	0,71	0	0	0	0	0	0	0
CG9416	0	0	0	0	0,87	0	0	0	0	0	0	0	0	0	0	0
Ca-Ma2d	0	0	0	0	0,86	0	0	0	0,92	0	0	0	0	0	0	0
CG33521	0	0	0	0	0,85	0	0	0	0,67	0	0	0	0,575955169	0	0	0
CHKov2	0	0	0	0	0,85	0	0	0	0	0	0	0	0	0	0	0
Zasp66	0	0	0	0	0,85	0	0	0	0	0	0	0	0,576338742	0	0	0
NAAT1	0	0	0	0	0,84	0	0	0	0	0	0	0	0	0	0	0
Sema2b	0	0	0	0	0,84	0	0	0	0	0	0	0	0	0	0	0
Gs2	0	0	0	0	0,83	0	0	0	0	0	0	0	0,607057242	0	0	0
Pif1B	0	0	0	0	0,83	0	0	0	0	0	0	0	0	0	0	0
CG7888	0	0	0	0	0,83	0	0	0	0	0	0	0	0	0	0	0
Gasp	0	0	0	0	0,82	0	0	0	0,66	0	0	0	0	0	0	0
CG10737	0	0	0	0	0,82	0	0	0	0	0	0	0	0,478484139	0	0	0
CG44098	0	0	0	0	0,82	0	0	0	0	0	0	0	0	0	0	0
CG8740	0	0	0	0	0,81	0	0	0	0,55	0	0	0	0	0	0	0
Obp56d	0	0	0	0	0,8	0	0	0	0	-0,86	0	-0,75	0,706527595	0	0	0
CG13506	0	0	0	0	0,8	0	0	0	0,63	0	0	0	0,428300705	0	0	0
chas	0	0	0	0	0,8	0	0	0	0	0	0	0	0	0	0	0
Pif1A	0	0	0	0	0,8	0	0	0	0	0	0	0	0	0	0	0
SP1029	0	0	0	0	0,78	0	0	0	0	0	0	0	0	0	0	0
Mf	0	0	0	0	0,78	0	0	0	0	0	0	0	0,528427049	0	0	0
Ald1	0	0	0	0	0,78	0	0	0	0,66	0	0	0	0	0	0	0
Cda5	0	0	0	0	0,78	0	0	0	0,77	0	0	0	0	0	0	0
CG17111	0	0	0	0	0,78	0	0	0	0	0	0	0	0,581337376	0	0	0
CG12814	0	0	0	0	0,77	0	0	0	0	0	0	0	0,518154916	0	0	0
EbpIII	0	0	0	0	0,77	0	0	-0,7	0	-0,69	0	-0,82	0,568843455	0	0	0
Esyt2	0	0	0	0	0,77	0	0	0	0	0	0	0	0	0	0	0
CG3630	0	0	0	0	0,77	0	0	0	0,97	0	0	0	0,372702004	0	0	0
Tep4	0	0	0	0	0,76	0	0	0	0	0	0	0	0	0	0	0
kdn	0	0	0	0	0,76	0	0	0	0,57	0	0	0	0	0	0	0
Unc-115a	0	0	0	0	0,75	0	0	0	0	0	0	0	0,566410364	0	0	0
CG17839	0	0	0	0	0,75	0	0	0	0	0	0	0	0	0	0	0
Idgf4	0	0	0	0	0,73	0	0	0	0	0	0	0	0	0	0	0
CAP	0	0	0	0	0,73	0	0	0	0	0	0	0	0	0	0	0
Ppn	0	0	0	0	0,73	0	0	0	0	0	0	0	0	0	0	0
CG18596	0	0	0	0	0,72	0	0	0	0	0	0	0	0	0	0	0
axo	0	0	0	0	0,72	0	0	0	0	0	0	0	0	0	0	0
Acp1	0	0	0	0	0,72	0	0	0	0	0	0	0	0	0	0	0
Mipp1	0	0	0	0	0,72	0	0	0	0	0	0	0	0	0	0	0
Gyg	0	0	0	0	0,71	0	0	0	0,65	0	0	0	0	0	0	0
Tep3	0	0	0	0	0,71	0	0	0	0	0	0	0	0,757881864	0	0	0
Tig	0	0	0	0	0,71	0	0	0	0	0	0	0	0	0	0	0
Cpr62Bb	0	0	0	0	0,71	0	0	0	0	0	0	0	0,927662673	0	0	0
CG17732	0	0	0	0	0,71	0	0	0	0	0	0	0	0	0	0	0
Idh3b	0	0	0	0	0,7	0	0	0	0	0	0	0	0	0	0	0
Mlp84B	0	0	0	0	0,7	0	0	0	0	0	0	0	0,637814437	0	0	0
CG45076	0	0	0	0	0,69	0	0	0	0	0	0	0	0,65355208	0	0	0
SP1173	0	0	0	0	0,69	0	0	0	0	0	0	0	0,555858733	0	0	0
CG1143	0	0	0	0	0,69	0	0	0	0	0	0	0	0	0	0	0
Fili	0	0	0	0	0,68	0	0	0	0	0	0	0	0	0	0	0
Jon65Aiv	0	0	0	0	0,67	0	0	0	0	0	0	0	0	0	0	0
CG11073	0	0	0	0	0,67	0	0	0	0	0	0	0	0,503281038	0	0	0
CG16791	0	0	0	0	0,66	0	0	0	0	0	0	0	0	0	0	0
Idh3a	0	0	0	0	0,65	0	0	0	0,77	0	0	0	0	0	0	0
CG5945	0	0	0	0	0,65	0	0	0	0	0	0	-0,58	0,91425611	0	0	0
Mhcl	0	0	0	0	0,64	0	0	0	0,8	0	0	0	0	0	0	0
Cpr67B	0	0	0	0	0,64	0	0	0	0	0	0	0	0,789300173	0	0	0
Msr-110	0	0	0	0	0,63	0	0	0	0	0	0	0	0	0	0	0
atilla	0	0	0	0	0,63	0	0	0	0	0	0	0	0,546397347	0	0	0
mgl	0	0	0	0	0,62	0	0	0	0	0	0	0	0	0	0	0
RFeSP	0	0	0	0	0,61	0	0	0	0	0	0	0	0	0	0	0
mAcon1	0	0	0	0	0,57	0	0	0	0	0	0	0	0	0	0	0
CG14207	0	0	0	0	0,56	0	0	0	0	0	0	0	0	0	0	0
shot	0	0	0	0	0,54	0	0	0	0,49	0	0	0	0	0	0	0
CenG1A	0	0	0	0	0,53	0	0	0	0	0	0	0	0	0	0	0
LanB2	0	0	0	0	0,52	0	0	0	0	0	0	0	0	0	0	0
vkg	0	0	0	0	0,52	0	0	0	0	0	0	0	0	0	0	0
Cyt-c1	0	0	0	0	0,51	0	0	0	0,47	0	0	0	0	0	0	0
LanA	0	0	0	0	0,5	0	0	0	0	0	0	0	0	0	0	0
Col4a1	0	0	0	0	0,49	0	0	0	0	0	0	0	0	0	0	0
Fer2LCH	0	0	0	0	0,47	0	0	0	0	0	0	0	0	0	0	0
Pdha	0	0	0	0	0,46	0	0	0	0	0	0	0	0	0	0	0
fry	0	0	0	0	0,39	0	0	0	0	0	0	0	0	0	0	0
CG11147	0	0	0	0	0,34	0	0	0	0	0	0	0	0	0	0	0
Jon66Cii	0	0	0	0	0	-1,98	0	0	0	0	0	0	0	0	0	0
tobi	0	0	0	0	0	-1,69	0	0	0	-1,06	0	0	0	0	0	0
CG3739	0	0	0	0	0	-1,56	0	0	0	-2	0	0	0	0	0	0
LManVI	0	0	0	0	0	-1,41	0	0	0	0	0	0	0	0	0	0
CG8093	0	0	0	0	0	-1,36	0	0	0	0	0	0	0	0	0	0
LManIII	0	0	0	0	0	-1,34	0	0	0	0	0	0	0	0	0	0
DNApol-alpha73	0	0	0	0	0	-1,16	0	0	0	0	0	0	0	0	0	0
Jon99Ci	0	0	0	0	0	-1,16	0	-0,7	0	0	0	0	0	0	0	0
Alp8	0	0	0	0	0	-1,15	0	0	0	-1,11	0	0	0	0	0	0
dhd	0	0	0	0	0	-1,14	0	0	0	0	0	0	0	0	0	0
CG14931	0	0	0	0	0	-1,09	0	0	0	0	0	0	0	0	0	0
mtrm	0	0	0	0	0	-1,03	0	0	0	0	0	0	0	0	0	0
CG4949	0	0	0	0	0	-0,98	0	0	0	0	0	0	0	0	0	0
CG17658	0	0	0	0	0	-0,98	0	0	0	0	0	0	0	0	0	0
CCHa2	0	0	0	0	0	-0,97	0	0	0	0	0	-0,85	0	0	0	0
twe	0	0	0	0	0	-0,96	0	0	0	0	0	0	0	0	0	0
swa	0	0	0	0	0	-0,95	0	0	0	0	0	0	0	0	0	0
fzy	0	0	0	0	0	-0,95	0	0	0	0	0	0	0	0	0	0
e(y)2b	0	0	0	0	0	-0,93	0	0	0	0	0	0	0	0	0	0
Elba2	0	0	0	0	0	-0,92	0	0	0	0	0	0	0	0	0	0
exu	0	0	0	0	0	-0,91	0	0	0	0	0	0	0	0	0	0
CG6752	0	0	0	0	0	-0,88	0	0	0	0	0	0	0	0	0	0
dgt5	0	0	0	0	0	-0,88	0	0	0	0	0	0	0	0	0	0
nos	0	0	0	0	0	-0,88	0	0	0	0	0	0	0	0	0	0
Bace	0	0	0	0	0	-0,86	0	0	0	0	0	0	0	0	0	0
stai	0	0	0	0	0	-0,84	0	0	0	0	0	0	0	0	0	0
Tfb4	0	0	0	0	0	-0,83	0	0	0	0	0	0	0	0	0	0
CycB3	0	0	0	0	0	-0,82	0	0	0	0	0	0	0	0	0	0
slam	0	0	0	0	0	-0,82	0	0	0	0	0	0	0	0	0	0
CG2990	0	0	0	0	0	-0,82	0	0	0	0	0	0	0	0	0	0
rpk	0	0	0	0	0	-0,82	0	0	0	0	0	0	0	0	0	0
dup	0	0	0	0	0	-0,81	0	0	0	0	0	0	0	0	0	0
WRNexo	0	0	0	0	0	-0,8	0	0	0	0	0	0	0	0	0	0
cort	0	0	0	0	0	-0,79	0	0	0	0	0	0	0	0	0	0
Dlip3	0	0	0	0	0	-0,79	0	0	0	0	0	0	0	0	0	0
CG16926	0	0	0	0	0	-0,79	0	-0,96	0	-0,63	0	0	0	0	0	0
Tre1	0	0	0	0	0	-0,78	0	0	0	0	0	0	0	0	0	0
alphaTub67C	0	0	0	0	0	-0,78	0	0	0	0	0	0	0	0	0	0
CG4991	0	0	0	0	0	-0,78	0	0	0	0	0	0	0	0	0	0
CG18213	0	0	0	0	0	-0,78	0	0	0	0	0	0	0	0	0	0
CG6479	0	0	0	0	0	-0,78	0	0	0	0	0	0	0	0	0	0
Ripalpha	0	0	0	0	0	-0,77	0	0	0	0	0	0	0	0	0	0
Jabba	0	0	0	0	0	-0,76	0	0	0	0	0	-0,83	0	0	0	0
dgt3	0	0	0	0	0	-0,76	0	0	0	0	0	0	0	0	0	0
Mcm10	0	0	0	0	0	-0,76	0	0	0	0	0	0	0	0	0	0
CG6927	0	0	0	0	0	-0,76	0	0	0	0	0	0	0	0	0	0
Psf3	0	0	0	0	0	-0,76	0	0	0	0	0	0	0	0	0	0
tos	0	0	0	0	0	-0,75	0	0	0	0	0	0	0	0	0	0
png	0	0	0	0	0	-0,75	0	0	0	0	0	0	0	0	0	0
BicC	0	0	0	0	0	-0,75	0	0	0	0	0	0	0	0	0	0
CG7730	0	0	0	0	0	-0,75	0	0	0	0	0	0	0	0	0	0
CG7156	0	0	0	0	0	-0,74	0	0	0	0	0	0	0	0	0	0
Pen	0	0	0	0	0	-0,72	0	0	0	0	0	0	0	0	0	0
spt4	0	0	0	0	0	-0,7	0	0	0	0	0	0	0	0	0	0
fs(1)Ya	0	0	0	0	0	-0,7	0	0	0	0	0	0	0	0	0	0
gcl	0	0	0	0	0	-0,7	0	0	0	0	0	0	0	0	0	0
Alp5	0	0	0	0	0	-0,7	0	0	0	0	0	0	0	0	0	0
Cdc45	0	0	0	0	0	-0,69	0	0	0	0	0	0	0	0	0	0
CG4476	0	0	0	0	0	-0,69	0	0	0	0	0	0	0	0	0	0
spd-2	0	0	0	0	0	-0,69	0	0	0	0	0	0	0	0	0	0
Plzf	0	0	0	0	0	-0,69	0	0	0	0	0	0	0	0	0	0
CG18190	0	0	0	0	0	-0,69	0	0	0	0	0	0	0	0	0	0
fz	0	0	0	0	0	-0,68	0	0	0	0	0	0	0	-0,356353488	0	0
CG6693	0	0	0	0	0	-0,67	0	0	0	0	0	0	0	0	0	0
tor	0	0	0	0	0	-0,67	0	0	0	0	0	0	0	0	0	0
T48	0	0	0	0	0	-0,67	0	0	0	0	0	0	0	0	0	0
yin	0	0	0	0	0	-0,67	0	0	0	0	0	0	0	0	0	0
CBP	0	0	0	0	0	-0,66	0	0	0	0	0	0	0	0	0	0
RPA2	0	0	0	0	0	-0,66	0	0	0	0	0	0	0	0	0	0
CG32579	0	0	0	0	0	-0,65	0	0	0	0	0	0	0	0	0	0
CG44774	0	0	0	0	0	-0,65	0	0	0	0	0	0	0	0	0	0
mnd	0	0	0	0	0	-0,65	0	0	0	0	0	0	0	0	0	0
dnk	0	0	0	0	0	-0,65	0	0	0	0	0	0	0	0	0	0
rost	0	0	0	0	0	-0,64	0	-1	0	0	0	-0,76	0	0	0	0
BigH1	0	0	0	0	0	-0,64	0	0	0	0	0	0	0	0	0	0
pigeon	0	0	0	0	0	-0,63	0	0	0	0	0	0	0	0	0	0
CG13025	0	0	0	0	0	-0,63	0	0	0	0	0	0	0	0	0	0
Mos	0	0	0	0	0	-0,63	0	0	0	0	0	0	0	0	0	0
CG8180	0	0	0	0	0	-0,62	0	0	0	0	0	0	0	0	0	0
cad	0	0	0	0	0	-0,61	0	0	0	0	0	0	0	-0,379398451	0	0
gus	0	0	0	0	0	-0,6	0	0	0	0	0	0	0	0	0	0
dmpd	0	0	0	0	0	-0,6	0	0	0	0	0	0	0	0	0	0
CG5757	0	0	0	0	0	-0,6	0	0	0	0	0	0	0	0	0	0
pbl	0	0	0	0	0	-0,6	0	0	0	0	0	0	0	0	0	0
CG12795	0	0	0	0	0	-0,6	0	0	0	0	0	0	0	0	0	0
heix	0	0	0	0	0	-0,6	0	0	0	0	0	0	0	0	0	0
Npc2a	0	0	0	0	0	-0,6	0	0	0	0	0	0	0	-0,407499781	0	0
Hr38	0	0	0	0	0	-0,59	0	0	0	0	0	0	0	0	0	0
CG2224	0	0	0	0	0	-0,58	0	0	0	0	0	0	0	0	0	0
Mapmodulin	0	0	0	0	0	-0,58	0	0	0	0	0	-0,56	0	0	0	0
Hat1	0	0	0	0	0	-0,58	0	0	0	0	0	0	0	0	0	0
CG13339	0	0	0	0	0	-0,58	0	0	0	0	0	0	0	0	0	0
pie	0	0	0	0	0	-0,58	0	0	0	0	0	0	0	0	0	0
aPKC	0	0	0	0	0	-0,57	0	0	0	0	0	0	0	0	0	0
PIG-F	0	0	0	0	0	-0,57	0	0	0	0	0	0	0	0	0	0
CG10621	0	0	0	0	0	-0,57	0	0	0	0	0	0	0	0	0	0
RnrS	0	0	0	0	0	-0,56	0	0	0	0	0	0	0	0	0	0
CG8569	0	0	0	0	0	-0,55	0	0	0	0	0	0	0	0	0	0
Xpc	0	0	0	0	0	-0,54	0	0	0	0	0	0	0	0	0	0
EndoB	0	0	0	0	0	-0,54	0	0	0	0	0	0	0	0	0	0
Fs(2)Ket	0	0	0	0	0	-0,53	0	0	0	0	0	0	0	0	0	0
lok	0	0	0	0	0	-0,52	0	0	0	0	0	0	0	0	0	0
CG8155	0	0	0	0	0	-0,51	0	0	0	0	0	0	0	0	0	0
polo	0	0	0	0	0	-0,51	0	0	0	0	0	0	0	0	0	0
Grip84	0	0	0	0	0	-0,51	0	0	0	0	0	0	0	0	0	0
Atg13	0	0	0	0	0	-0,51	0	0	0	0	0	0	0	0	0	0
yl	0	0	0	0	0	-0,5	0	0	0	0	0	0	0	-0,317692513	0	0
CG2889	0	0	0	0	0	-0,5	0	0	0	0	0	0	0	0	0	0
egg	0	0	0	0	0	-0,5	0	0	0	0	0	0	0	0	0	0
Men	0	0	0	0	0	-0,5	0	0	0	0	0	0	0	0	0	0
CG13398	0	0	0	0	0	-0,5	0	0	0	0	0	0	0	0	0	0
Sac1	0	0	0	0	0	-0,49	0	0	0	0	0	0	0	0	0	0
ova	0	0	0	0	0	-0,48	0	0	0	0	0	0	0	0	0	0
Prip	0	0	0	0	0	-0,44	0	0	0	0	0	0	0	0	0	0
CG8507	0	0	0	0	0	-0,44	0	0	0	0	0	0	0	0	0	0
Mer	0	0	0	0	0	-0,44	0	0	0	0	0	0	0	0	0	0
Usp30	0	0	0	0	0	-0,43	0	0	0	0	0	0	0	0	0	0
CG1943	0	0	0	0	0	-0,42	0	0	0	0	0	0	0	0	0	0
hop	0	0	0	0	0	-0,41	0	0	0	0	0	0	0	0	0	0
ssh	0	0	0	0	0	-0,4	0	0	0	0	0	0	0	0	0	0
l(1)G0289	0	0	0	0	0	0	0,93	0	0	0	0	0	0	0	0	0
CG11449	0	0	0	0	0	0	0,88	0	0	0	0	0	0	0	0	0
CG16820	0	0	0	0	0	0	0,86	0	0	0	0,89	0	0	0	0	0
CG11438	0	0	0	0	0	0	0,8	0	0	0	0	0	0	0	0	0
gol	0	0	0	0	0	0	0,79	0	0	0	0	0	0	0	0	0
prom	0	0	0	0	0	0	0,69	0	0	0	0	0	0	0	0	0
eys	0	0	0	0	0	0	0,62	0	0	0	0	0	0	0	0	0
chp	0	0	0	0	0	0	0,61	0	0	0	0	0	0	0	0	0
ninaG	0	0	0	0	0	0	0,61	0	0	0	0	0	0	0	0	0
norpA	0	0	0	0	0	0	0,59	0	0	0	0	0	0	0	0	0
PIP82	0	0	0	0	0	0	0,56	0	0	0	0	0	0	0	0	0
boss	0	0	0	0	0	0	0,54	0	0	0	0	0	0	0	0	0
Slob	0	0	0	0	0	0	0,51	0	0	0	0	0	0	0	0	0
Fbxl4	0	0	0	0	0	0	0,5	0	0	0	0	0	0	0	0	0
ninaC	0	0	0	0	0	0	0,48	0	0	0	0	0	0	0	0	0
CG5966	0	0	0	0	0	0	0	-1,33	0	0	0	0	0	0	0	0
CG12560	0	0	0	0	0	0	0	-1,12	0	0	0	-1,2	0	0	0	0
CG14630	0	0	0	0	0	0	0	-1,09	0	0	0	0	0	0	0	0
SPH93	0	0	0	0	0	0	0	-1,09	0	0	0	-0,85	0	0	0	0
CG5390	0	0	0	0	0	0	0	-1,08	0	-0,87	0	-0,88	0	0	0	0
CG16965	0	0	0	0	0	0	0	-1,08	0	0	0	0	0	0	0	0
Nmdmc	0	0	0	0	0	0	0	-1,05	0	0	0	0	0	0	0	0
Pepck1	0	0	0	0	0	0	0	-1,05	0	0	0	0	0	0	0	0
Fmo-2	0	0	0	0	0	0	0	-1,03	0	0	0	-0,83	0	0	0	0
pug	0	0	0	0	0	0	0	-1,02	0	0	0	-1,06	0	0	0	0
Shmt	0	0	0	0	0	0	0	-1,01	0	-0,59	0	-0,99	0	0	0	0
Gal	0	0	0	0	0	0	0	-0,99	0	0	0	0	0	0	0	0
CG32687	0	0	0	0	0	0	0	-0,99	0	-0,56	0	-0,71	0	0	0	0
CG17571	0	0	0	0	0	0	0	-0,97	0	0	0	0	0	0	0	0
Cyp309a2	0	0	0	0	0	0	0	-0,96	0	0	0	-1,23	0	0	0	0
CG18003	0	0	0	0	0	0	0	-0,94	0	-0,59	0	-1,21	0	0	0	0
UK114	0	0	0	0	0	0	0	-0,94	0	-0,81	0	-1,04	0	0	0	0
Tsp42Ec	0	0	0	0	0	0	0	-0,92	0	0	0	0	0	0	0	0
CG1213	0	0	0	0	0	0	0	-0,92	0	0	0	0	0	0	0	0
asp	0	0	0	0	0	0	0	-0,91	0	0	0	0	0	0	0	0
Ugt35C1	0	0	0	0	0	0	0	-0,89	0	0	0	-0,98	0	0	0	0
SecCl	0	0	0	0	0	0	0	-0,89	0	0	0	0	0,519352428	0	0	0
Letm1	0	0	0	0	0	0	0	-0,88	0	0	0	0	0	0	0	0
Ugt303A1	0	0	0	0	0	0	0	-0,87	0	0	0	0	0	0	0	0
CG30280	0	0	0	0	0	0	0	-0,87	0	0	0	0	0	0	0	0
CG8708	0	0	0	0	0	0	0	-0,87	0	0	0	0	0	0	0	0
GNBP-like3	0	0	0	0	0	0	0	-0,87	0	0	0	-1,17	0	0	0	0
CG42249	0	0	0	0	0	0	0	-0,86	0	0	0	0	0	0	0	0
Inx7	0	0	0	0	0	0	0	-0,85	0	0	0	0	0	0	0	0
Sardh	0	0	0	0	0	0	0	-0,85	0	0	0	-1,32	0	0	0	0
Spat	0	0	0	0	0	0	0	-0,84	0	0	0	-0,81	0	0	0	0
CG14787	0	0	0	0	0	0	0	-0,84	0	0	0	0	0	0	0	0
LManII	0	0	0	0	0	0	0	-0,83	0	0	0	-0,57	0	0	0	0
Cyp6t1	0	0	0	0	0	0	0	-0,83	0	0	0	0	0	0	0	0
Cyt-b5-r	0	0	0	0	0	0	0	-0,83	0	0	0	-1,15	0	0	0	0
Cyp4p3	0	0	0	0	0	0	0	-0,82	0	-0,8	0	-0,92	0	0	0	0
Aldh	0	0	0	0	0	0	0	-0,81	0	0	0	-1	0	0	0	0
Cyp6d5	0	0	0	0	0	0	0	-0,81	0	-0,61	0	-0,79	0	0	0	0
CG30281	0	0	0	0	0	0	0	-0,81	0	0	0	0	0	0	0	0
Paics	0	0	0	0	0	0	0	-0,81	0	0	0	-0,6	0	0	0	0
Fbp1	0	0	0	0	0	0	0	-0,81	0	-1,29	0	0	0	0	0	0
Fatp3	0	0	0	0	0	0	0	-0,8	0	0	0	0	0	0	0	0
CG8654	0	0	0	0	0	0	0	-0,8	0	0	0	0	0,610625624	0	0	0
CG4607	0	0	0	0	0	0	0	-0,8	0	0	0	-0,75	0	0	0	0
Npc2f	0	0	0	0	0	0	0	-0,79	0	-0,88	0	0	0	0	0	0
CG5707	0	0	0	0	0	0	0	-0,77	0	0	0	0	0,543968132	0	0	0
CG5819	0	0	0	0	0	0	0	-0,77	0	0	0	0	0	0	0	0
CG6034	0	0	0	0	0	0	0	-0,76	0	-0,67	0	-1,26	0	0	0	0
CG16758	0	0	0	0	0	0	0	-0,75	0	0	0	0	0	0	0	0
Hex-C	0	0	0	0	0	0	0	-0,75	0	-0,53	0	-0,65	0	0	0	0
Cyp12d1-p	0	0	0	0	0	0	0	-0,74	0	0	0	0	0	0	0	0
ACC	0	0	0	0	0	0	0	-0,74	0	0	0	-0,77	0	0	0	0
ppl	0	0	0	0	0	0	0	-0,74	0	0	0	-0,61	0	0	0	0
Obp56a	0	0	0	0	0	0	0	-0,73	0	0	0	-1,17	0	0	0	0
Srr	0	0	0	0	0	0	0	-0,73	0	0	0	0	0	0	0	0
CG10863	0	0	0	0	0	0	0	-0,72	0	0	0	-0,8	0	0	0	0
Nep6	0	0	0	0	0	0	0	-0,72	0	-0,8	0	-0,94	0	0	0	0
CG4716	0	0	0	0	0	0	0	-0,72	0	-0,44	0	-0,89	0	0	0	0
CG17597	0	0	0	0	0	0	0	-0,72	0	0	0	0	0	0	0	0
Mtp	0	0	0	0	0	0	0	-0,72	0	0	0	-0,76	0	0	0	0
cmet	0	0	0	0	0	0	0	-0,72	0	0	0	0	0	0	0	0
Cyp6g1	0	0	0	0	0	0	0	-0,72	0	0	0	-1,02	0	0	0	0
CG5849	0	0	0	0	0	0	0	-0,71	0	0	0	0	0	0	0	0
CG6484	0	0	0	0	0	0	0	-0,7	0	-0,98	0	-1,14	0	0	0	0
Est-6	0	0	0	0	0	0	0	-0,7	0	0	0	-0,79	0	0	0	0
His2B:CG33910	0	0	0	0	0	0	0	-0,7	0	0	0	0	0	0	0	0
glob1	0	0	0	0	0	0	0	-0,7	0	0	0	-0,73	0	0	0	0
Pfas	0	0	0	0	0	0	0	-0,69	0	0	0	0	0	0	0	0
scu	0	0	0	0	0	0	0	-0,69	0	0	0	0	0	0	0	0
CG14823	0	0	0	0	0	0	0	-0,68	0	-0,61	0	0	0	0	0	0
CG2811	0	0	0	0	0	0	0	-0,68	0	0	0	-0,6	0	0	0	0
Galt	0	0	0	0	0	0	0	-0,68	0	0	0	0	0	0	0	0
Echs1	0	0	0	0	0	0	0	-0,67	0	0	0	0	0	0	0	0
CG11893	0	0	0	0	0	0	0	-0,67	0	0	0	0	0	0	0	0
CG7966	0	0	0	0	0	0	0	-0,67	0	-0,78	0	0	0	0	0	0
CG5493	0	0	0	0	0	0	0	-0,67	0	0	0	-0,89	0	0	0	0
Gk2	0	0	0	0	0	0	0	-0,66	0	0	0	0	0	0	0	0
CG7227	0	0	0	0	0	0	0	-0,66	0	0	0	-1,13	0	0	0	0
CG11089	0	0	0	0	0	0	0	-0,65	0	0	0	0	0	0	0	0
CG3902	0	0	0	0	0	0	0	-0,65	0	0	0	0	0	0	0	0
Nepl17	0	0	0	0	0	0	0	-0,65	0	0	0	0	0	0	0	0
Prat2	0	0	0	0	0	0	0	-0,64	0	0	0	0	0	0	0	0
P5cr-2	0	0	0	0	0	0	0	-0,63	0	0	0	0	0	0	0	0
AcCoAS	0	0	0	0	0	0	0	-0,63	0	-0,66	0	-0,77	0	0	0	0
RpL27	0	0	0	0	0	0	0	-0,63	0	0	0	0	0	0	0	0
RpL36	0	0	0	0	0	0	0	-0,62	0	0	0	0	0	0	0	0
Pdh	0	0	0	0	0	0	0	-0,61	0	0	0	-0,75	0	0	0	0
RpL26	0	0	0	0	0	0	0	-0,61	0	0	0	0	0	0	0	0
Mthfs	0	0	0	0	0	0	0	-0,61	0	0	0	-0,78	0	0	0	0
D2hgdh	0	0	0	0	0	0	0	-0,6	0	0	0	0	0,409089354	0	0	0
yellow-f2	0	0	0	0	0	0	0	-0,6	0	-0,62	0	-0,97	0	0	0	0
Ahcy	0	0	0	0	0	0	0	-0,6	0	0	0	-0,77	0	0	0	0
CG7470	0	0	0	0	0	0	0	-0,6	0	0	0	-0,69	0	0	0	0
Ugt36A1	0	0	0	0	0	0	0	-0,59	0	0	0	-0,72	0	0	0	0
RpS27	0	0	0	0	0	0	0	-0,59	0	0	0	-0,69	0	0	0	0
aay	0	0	0	0	0	0	0	-0,58	0	0	0	0	0	0	0	0
Glt	0	0	0	0	0	0	0	-0,58	0	0	0	-0,61	0	0	0	0
yip2	0	0	0	0	0	0	0	-0,58	0	0	0	0	0	0	0	0
Cyp12a4	0	0	0	0	0	0	0	-0,58	0	0	0	0	0	0	0	0
mino	0	0	0	0	0	0	0	-0,58	0	-0,57	0	-0,74	0	0	0	0
Mcad	0	0	0	0	0	0	0	-0,58	0	0	0	0	0	0	0	0
sea	0	0	0	0	0	0	0	-0,57	0	0	0	0	0	0	0	0
CG11594	0	0	0	0	0	0	0	-0,57	0	0	0	-0,54	0	0	0	0
RpL31	0	0	0	0	0	0	0	-0,57	0	0	0	0	0	0	0	0
CG7834	0	0	0	0	0	0	0	-0,57	0	0	0	-0,49	0	0	0	0
MP1	0	0	0	0	0	0	0	-0,57	0	0	0	-0,72	0	0	0	0
eEF1alpha1	0	0	0	0	0	0	0	-0,56	0	0	0	-0,5	0	0	0	0
CG5171	0	0	0	0	0	0	0	-0,56	0	-0,51	0	-0,74	0,479403734	0	0	0
RpL34b	0	0	0	0	0	0	0	-0,55	0	0	0	0	0	0	0	0
Tctp	0	0	0	0	0	0	0	-0,55	0	0	0	0	0	0	0	0
RpL21	0	0	0	0	0	0	0	-0,55	0	0	0	0	0	0	0	0
eEF1gamma	0	0	0	0	0	0	0	-0,55	0	0	0	0	0	0	0	0
sta	0	0	0	0	0	0	0	-0,55	0	0	0	0	0	0	0	0
RpL5	0	0	0	0	0	0	0	-0,55	0	0	0	0	0	0	0	0
CG18135	0	0	0	0	0	0	0	-0,55	0	0	0	-0,79	0	0	0	0
FASN1	0	0	0	0	0	0	0	-0,55	0	-0,64	0	-0,71	0	0	0	0
Irc	0	0	0	0	0	0	0	-0,54	0	0	0	-0,7	0	0	0	0
CG5126	0	0	0	0	0	0	0	-0,54	0	0	0	0	0	0	0	0
Tps1	0	0	0	0	0	0	0	-0,54	0	0	0	0	0	0	0	0
CG10932	0	0	0	0	0	0	0	-0,54	0	0	0	0	0	0	0	0
CG44243	0	0	0	0	0	0	0	-0,54	0	0	0	0	0	0	0	0
Idgf6	0	0	0	0	0	0	0	-0,54	0	-0,43	0	-0,86	0	0	0	0
RpS4	0	0	0	0	0	0	0	-0,54	0	0	0	-0,53	0	0	0	0
fat-spondin	0	0	0	0	0	0	0	-0,53	0	0	0	-0,72	0	0	0	0
AOX1	0	0	0	0	0	0	0	-0,53	0	0	0	-0,47	0	0	0	0
RpS5a	0	0	0	0	0	0	0	-0,53	0	0	0	0	0	0	0	0
Kyat	0	0	0	0	0	0	0	-0,53	0	-0,58	0	0	0	0	0	0
CG40191	0	0	0	0	0	0	0	-0,53	0	0	0	0	0	0	0	0
bgm	0	0	0	0	0	0	0	-0,53	0	-0,49	0	-0,89	0	0	0	0
RpS20	0	0	0	0	0	0	0	-0,51	0	0	0	0	0	0	0	0
PCB	0	0	0	0	0	0	0	-0,5	0	0	0	-0,56	0	0	0	0
Nurf-38	0	0	0	0	0	0	0	-0,5	0	0	0	-0,59	0	0	0	0
fon	0	0	0	0	0	0	0	-0,5	0	0	0	-0,76	0	0	0	0
CG1354	0	0	0	0	0	0	0	-0,49	0	0	0	0	0	0	0	0
Apoltp	0	0	0	0	0	0	0	-0,49	0	0	0	-0,48	0	0	0	0
ScpX	0	0	0	0	0	0	0	-0,49	0	0	0	-0,57	0	0	0	0
spn-E	0	0	0	0	0	0	0	-0,48	0	0	0	0	0	0	0	0
wal	0	0	0	0	0	0	0	-0,48	0	0	0	0	0	0	0	0
RpL13A	0	0	0	0	0	0	0	-0,48	0	0	0	0	0	0	0	0
RpL19	0	0	0	0	0	0	0	-0,48	0	0	0	0	0	0	0	0
Indy	0	0	0	0	0	0	0	-0,47	0	0	0	0	0	0	0	0
RpL17	0	0	0	0	0	0	0	-0,47	0	0	0	0	0	0	0	0
RpS15	0	0	0	0	0	0	0	-0,47	0	0	0	0	0	0	0	0
RpS19a	0	0	0	0	0	0	0	-0,47	0	0	0	0	0	0	0	0
CG15096	0	0	0	0	0	0	0	-0,47	0	0	0	0	0	0	0	0
CG1927	0	0	0	0	0	0	0	-0,47	0	0	0	0	0	0	0	0
Obp99c	0	0	0	0	0	0	0	-0,47	0	0	0	-0,83	0	0	0	0
Nap1	0	0	0	0	0	0	0	-0,46	0	0	0	0	0	0	0	0
RpL23	0	0	0	0	0	0	0	-0,46	0	0	0	0	0	0	0	0
RpS27A	0	0	0	0	0	0	0	-0,45	0	0	0	0	0	0	0	0
Fkbp12	0	0	0	0	0	0	0	-0,45	0	-0,4	0	-0,57	0	0	0	0
Spn43Ab	0	0	0	0	0	0	0	-0,45	0	-0,5	0	-0,73	0	0	0	0
Acer	0	0	0	0	0	0	0	-0,45	0	0	0	-0,71	0	0	0	0
Rel	0	0	0	0	0	0	0	-0,45	0	0	0	0	0	0	0	0
RpL28	0	0	0	0	0	0	0	-0,45	0	0	0	0	0	0	0	0
whd	0	0	0	0	0	0	0	-0,44	0	0	0	-0,54	0	0	0	0
eEF5	0	0	0	0	0	0	0	-0,44	0	0	0	0	0	0	0	0
RpL15	0	0	0	0	0	0	0	-0,43	0	0	0	0	0	0	0	0
RpS23	0	0	0	0	0	0	0	-0,43	0	0	0	0	0	0	0	0
eas	0	0	0	0	0	0	0	-0,42	0	0	0	0	0	0	0	0
Gel	0	0	0	0	0	0	0	-0,42	0	0	0	-0,57	0	0	0	0
RpL3	0	0	0	0	0	0	0	-0,41	0	0	0	0	0	0	0	0
Rack1	0	0	0	0	0	0	0	-0,41	0	0	0	0	0	0	0	0
Mdh1	0	0	0	0	0	0	0	-0,4	0	-0,43	0	-0,53	0	0	0	0
Cyt-b5	0	0	0	0	0	0	0	-0,39	0	0	0	-0,55	0	0	0	0
eEF2	0	0	0	0	0	0	0	-0,39	0	0	0	0	0	0	0	0
RpS6	0	0	0	0	0	0	0	-0,39	0	0	0	0	0	0	0	0
RpL14	0	0	0	0	0	0	0	-0,37	0	0	0	0	0	0	0	0
RpS3A	0	0	0	0	0	0	0	-0,37	0	0	0	0	0	0	0	0
Cyp4e3	0	0	0	0	0	0	0	0	1,4	0	0	0	0	0	0	0
LysD	0	0	0	0	0	0	0	0	1,17	0	0	0	0	0	0	0
CG34458	0	0	0	0	0	0	0	0	1,32	-1,33	0	0	0	0	0	0
Syt1	0	0	0	0	0	0	0	0	1,08	0	0	0	0	0	0	0
Npc2e	0	0	0	0	0	0	0	0	1,08	0	0	0	0	0	0	0
CG14340	0	0	0	0	0	0	0	0	1,07	0	0	0	0	0	0	0
CG16826	0	0	0	0	0	0	0	0	1,05	0	0	0	0	0	0	0
Grik	0	0	0	0	0	0	0	0	1,01	0	0	0	0	0	0	0
CheA75a	0	0	0	0	0	0	0	0	1,01	0	0	0	0	0	0	0
Ag5r	0	0	0	0	0	0	0	0	1	0	0	0	0	0	0	0
Nazo	0	0	0	0	0	0	0	0	0,98	0	0	0	0	0	0	0
SmydA-7	0	0	0	0	0	0	0	0	0,96	0	0	0	0	0	0	0
CG6972	0	0	0	0	0	0	0	0	0,93	0	0	0	0,537647939	0	0	0
CG34203	0	0	0	0	0	0	0	0	0,91	0	0	0	0	0	0	0
CG13920	0	0	0	0	0	0	0	0	0,89	0	0	0	0,85340878	0	0	0
jp	0	0	0	0	0	0	0	0	0,89	0	0	0	0	0	0	0
LManI	0	0	0	0	0	0	0	0	0,82	0	0	0	0	0	0	0
CG4962	0	0	0	0	0	0	0	0	0,82	0	0	0	0	0	0	0
Ptp36E	0	0	0	0	0	0	0	0	0,81	0	0	0	0	0	0	0
CG4239	0	0	0	0	0	0	0	0	0,78	0	0	0	0,62658424	0	0	0
SmydA-3	0	0	0	0	0	0	0	0	0,77	0	0	0	0	0	0	0
SERCA	0	0	0	0	0	0	0	0	0,73	0	0	0	0,500948703	0	0	0
Cad86C	0	0	0	0	0	0	0	0	0,66	0	0	0	0	0	0	0
AsnS	0	0	0	0	0	0	0	0	0,66	0	0	0	0	0	0	0
skd	0	0	0	0	0	0	0	0	0,65	0	0	0	0	-0,286745255	0	0
InR	0	0	0	0	0	0	0	0	0,61	0	0	0	0	0	0	0
CG15080	0	0	0	0	0	0	0	0	0,59	0	0	0	0	0	0	0
Alp12	0	0	0	0	0	0	0	0	0,59	0	0	0	0	0	0	0
sesB	0	0	0	0	0	0	0	0	0,56	0	0	0	0	0	0	0
Mical	0	0	0	0	0	0	0	0	0,49	0	0	0	0	0	0	0
SdhA	0	0	0	0	0	0	0	0	0,47	0	0	0	0	0	0	0
Nc73EF	0	0	0	0	0	0	0	0	0,45	0	0	0	0	0	0	0
CG13185	0	0	0	0	0	0	0	0	0,45	0	0	0	0	0	0	0
kug	0	0	0	0	0	0	0	0	0,44	0	0	0	0	0	0	0
CG12115	0	0	0	0	0	0	0	0	0	-1,65	0	0	0	0	0	0
CG16756	0	0	0	0	0	0	0	0	0	-1,62	0	-1,05	0	0	0	0
Sodh-2	0	0	0	0	0	0	0	0	0	-1,57	0	-1,44	0	0	0	0
Fbp2	0	0	0	0	0	0	0	0	0	-1,48	0	0	0	0	0	0
CG33301	0	0	0	0	0	0	0	0	0	-1,42	0	0	0	0	0	0
CG15343	0	0	0	0	0	0	0	0	0	-1,39	0	0	0	0	0	0
Mal-A4	0	0	0	0	0	0	0	0	0	-1,19	0	0	0	0	0	0
CG31091	0	0	0	0	0	0	0	0	0	-1,16	0	0	0	0	0	0
iotaTry	0	0	0	0	0	0	0	0	0	-1,14	0	0	0	0	0	0
CG7214	0	0	0	0	0	0	0	0	0	-1,12	0	0	0,795143774	0	0	0
CG14963	0	0	0	0	0	0	0	0	0	-1,05	0	0	0	0	0	0
Adhr	0	0	0	0	0	0	0	0	0	-1,05	0	0	0	0	0	0
Cyp311a1	0	0	0	0	0	0	0	0	0	-1,05	0	0	0	0	0	0
CG2772	0	0	0	0	0	0	0	0	0	-1,04	0	0	0	0	0	0
CG34256	0	0	0	0	0	0	0	0	0	-1,03	0	0	0	0	0	0
Spn42Da	0	0	0	0	0	0	0	0	0	-1,02	0	0	0	0	0	0
Obp99b	0	0	0	0	0	0	0	0	0	-1,02	0	-0,99	0	0	0	0
CG11977	0	0	0	0	0	0	0	0	0	-1,01	0	0	0	0	0	0
DnaJ-1	0	0	0	0	0	0	0	0	0	-1	0	0	0	0	0	0
CG31463	0	0	0	0	0	0	0	0	0	-1	0	0	0	0	0	0
CG33306	0	0	0	0	0	0	0	0	0	-1	0	0	0	0	0	0
CG31636	0	0	0	0	0	0	0	0	0	-0,99	0	0	0	0	0	0
Amyrel	0	0	0	0	0	0	0	0	0	-0,99	0	0	0	0	0	0
Hsp27	0	0	0	0	0	0	0	0	0	-0,98	0	0	0	0	0	0
Cht4	0	0	0	0	0	0	0	0	0	-0,98	0	0	0	0	0	0
CG33259	0	0	0	0	0	0	0	0	0	-0,97	0	0	0	0	0	0
CG7025	0	0	0	0	0	0	0	0	0	-0,96	0	0	0	0	0	0
Sgp	0	0	0	0	0	0	0	0	0	-0,96	0	0	0	0	0	0
PPO2	0	0	0	0	0	0	0	0	0	-0,96	0	0	1,012414783	0	0	0
CG4036	0	0	0	0	0	0	0	0	0	-0,94	0	0	0	0	0	0
Alp6	0	0	0	0	0	0	0	0	0	-0,94	0	0	0	0	0	0
CG15534	0	0	0	0	0	0	0	0	0	-0,94	0	0	0	0	0	0
CG2187	0	0	0	0	0	0	0	0	0	-0,93	0	0	0	0	0	0
CG1368	0	0	0	0	0	0	0	0	0	-0,93	0	0	0,823022948	0	0	0
AGBE	0	0	0	0	0	0	0	0	0	-0,93	0	-0,68	0	0	0	0
ru	0	0	0	0	0	0	0	0	0	-0,92	0	0	0	0	0	0
CG11037	0	0	0	0	0	0	0	0	0	-0,91	0	0	0	0	0	0
CAH5	0	0	0	0	0	0	0	0	0	-0,91	0	0	0	0	0	0
Acp53C14c	0	0	0	0	0	0	0	0	0	-0,91	0	0	0	0	0	0
CG3397	0	0	0	0	0	0	0	0	0	-0,91	0	-0,92	0	0	0	0
CG9500	0	0	0	0	0	0	0	0	0	-0,9	0	0	0	0	0	0
CG34129	0	0	0	0	0	0	0	0	0	-0,9	0	0	0	0	0	0
cDIP	0	0	0	0	0	0	0	0	0	-0,88	0	-0,97	0	0	0	0
Sfp84E	0	0	0	0	0	0	0	0	0	-0,86	0	0	0	0	0	0
CG32573	0	0	0	0	0	0	0	0	0	-0,85	0	0	0	0	0	0
CG7997	0	0	0	0	0	0	0	0	0	-0,85	0	-0,82	0	0	0	0
CG7668	0	0	0	0	0	0	0	0	0	-0,84	0	0	0	0	0	0
Jhe	0	0	0	0	0	0	0	0	0	-0,82	0	0	0	0	0	0
stv	0	0	0	0	0	0	0	0	0	-0,8	0	0	0	0	0	0
PPO1	0	0	0	0	0	0	0	0	0	-0,8	0	0	0	0	0	0
Fmo-1	0	0	0	0	0	0	0	0	0	-0,8	0	-0,85	0,707010421	0	0	-2,82
GstE9	0	0	0	0	0	0	0	0	0	-0,78	0	-1,01	0	0	0	0
CG6788	0	0	0	0	0	0	0	0	0	-0,78	0	0	0	0	0	0
CG18478	0	0	0	0	0	0	0	0	0	-0,77	0	0	0	0	0	0
sPLA2	0	0	0	0	0	0	0	0	0	-0,76	0	-0,91	0	0	0	0
CDase	0	0	0	0	0	0	0	0	0	-0,76	0	0	0	0	0	0
smp-30	0	0	0	0	0	0	0	0	0	-0,76	0	-1,26	0	0	0	0
CG6125	0	0	0	0	0	0	0	0	0	-0,75	0	0	0	0	0	0
lectin-37Da	0	0	0	0	0	0	0	0	0	-0,74	0	0	0	0	0	0
CG18747	0	0	0	0	0	0	0	0	0	-0,74	0	0	0	0	0	0
BomBc2	0	0	0	0	0	0	0	0	0	-0,74	0	-0,73	0	0	0	0
CG15199	0	0	0	0	0	0	0	0	0	-0,74	0	-0,89	0	0	0	0
CG14204	0	0	0	0	0	0	0	0	0	-0,74	0	0	0	0	0	0
Esp	0	0	0	0	0	0	0	0	0	-0,73	0	0	0	0	0	0
Acp29AB	0	0	0	0	0	0	0	0	0	-0,73	0	0	0	0	0	0
Hn	0	0	0	0	0	0	0	0	0	-0,73	0	-0,68	0	0	0	0
CG1208	0	0	0	0	0	0	0	0	0	-0,73	0	0	0	0	0	0
to	0	0	0	0	0	0	0	0	0	-0,73	0	0	0	0	0	0
CG31659	0	0	0	0	0	0	0	0	0	-0,73	0	0	0	0	0	0
CG3734	0	0	0	0	0	0	0	0	0	-0,71	0	0	0	0	0	0
CG7322	0	0	0	0	0	0	0	0	0	-0,7	0	-0,86	0	0	0	0
CG15873	0	0	0	0	0	0	0	0	0	-0,7	0	0	0	0	0	0
Ance	0	0	0	0	0	0	0	0	0	-0,7	0	0	0	0	0	0
CG31419	0	0	0	0	0	0	0	0	0	-0,69	0	0	0	0	0	0
CG9673	0	0	0	0	0	0	0	0	0	-0,69	0	0	0	0	0	0
Jafrac2	0	0	0	0	0	0	0	0	0	-0,69	0	0	0	0	0	0
Idi	0	0	0	0	0	0	0	0	0	-0,69	0	0	0	0	0	0
Taldo	0	0	0	0	0	0	0	0	0	-0,69	0	-0,89	0	0	0	0
aqrs	0	0	0	0	0	0	0	0	0	-0,69	0	0	0	0	0	0
CG18493	0	0	0	0	0	0	0	0	0	-0,68	0	0	0,612900434	0	0	0
Culd	0	0	0	0	0	0	0	0	0	-0,68	0	0	0	0	0	0
CG4666	0	0	0	0	0	0	0	0	0	-0,68	0	0	0	0	0	0
mag	0	0	0	0	0	0	0	0	0	-0,67	0	0	0	0	0	0
CG12057	0	0	0	0	0	0	0	0	0	-0,67	0	0	0	0	0	0
CG6012	0	0	0	0	0	0	0	0	0	-0,67	0	0	0	0	0	0
Cyp4e2	0	0	0	0	0	0	0	0	0	-0,67	0	0	0	0	0	0
CG7328	0	0	0	0	0	0	0	0	0	-0,66	0	0	0	0	0	0
CG18249	0	0	0	0	0	0	0	0	0	-0,66	0	0	0	0	0	0
CHOp24	0	0	0	0	0	0	0	0	0	-0,66	0	0	0	0	0	0
CG10560	0	0	0	0	0	0	0	0	0	-0,66	0	0	0	0	0	0
Cyp4s3	0	0	0	0	0	0	0	0	0	-0,65	0	-0,82	0	0	0	0
CG6330	0	0	0	0	0	0	0	0	0	-0,65	0	-0,58	0	0	0	0
Acp65Aa	0	0	0	0	0	0	0	0	0	-0,65	0	0	0	0	0	0
Npc2h	0	0	0	0	0	0	0	0	0	-0,64	0	-0,8	0	0	0	0
CG18302	0	0	0	0	0	0	0	0	0	-0,64	0	0	0	0	0	0
CG31021	0	0	0	0	0	0	0	0	0	-0,64	0	0	0	0	0	0
Cpr49Ae	0	0	0	0	0	0	0	0	0	-0,64	0	-0,69	0	0	0	0
CG5770	0	0	0	0	0	0	0	0	0	-0,64	0	0	0	0	0	0
CG14629	0	0	0	0	0	0	0	0	0	-0,64	0	-0,75	0	0	0	0
CG8661	0	0	0	0	0	0	0	0	0	-0,64	0	0	0	0	0	0
CG30151	0	0	0	0	0	0	0	0	0	-0,64	0	0	0	0	0	0
Zw	0	0	0	0	0	0	0	0	0	-0,63	0	0	0	0	0	0
CG31323	0	0	0	0	0	0	0	0	0	-0,63	0	0	0	0	0	0
CG3301	0	0	0	0	0	0	0	0	0	-0,63	0	-0,83	0	0	0	0
Desat2	0	0	0	0	0	0	0	0	0	-0,63	0	0	0	0	0	0
Gnmt	0	0	0	0	0	0	0	0	0	-0,63	0	0	0	0	0	0
CG43111	0	0	0	0	0	0	0	0	0	-0,63	0	0	0	0	0	0
CG8299	0	0	0	0	0	0	0	0	0	-0,63	0	0	0	0	0	0
Nepl6	0	0	0	0	0	0	0	0	0	-0,63	0	-0,97	0	0	0	0
Adh	0	0	0	0	0	0	0	0	0	-0,62	0	-0,52	0	0	0	0
CG16727	0	0	0	0	0	0	0	0	0	-0,61	0	0	0	0	0	0
SPE	0	0	0	0	0	0	0	0	0	-0,61	0	-0,6	0	0	0	0
PTPMT1	0	0	0	0	0	0	0	0	0	-0,61	0	0	0	0	0	0
Mec2	0	0	0	0	0	0	0	0	0	-0,61	0	0	0	0	0	0
Cyp6d2	0	0	0	0	0	0	0	0	0	-0,61	0	0	0	0	0	0
Eglp4	0	0	0	0	0	0	0	0	0	-0,61	0	-0,87	0	0	0	0
Qsox1	0	0	0	0	0	0	0	0	0	-0,61	0	0	0	0	0	0
CG5162	0	0	0	0	0	0	0	0	0	-0,6	0	0	0	0	0	0
CG15531	0	0	0	0	0	0	0	0	0	-0,6	0	0	0,440491273	0	0	0
GstT4	0	0	0	0	0	0	0	0	0	-0,6	0	0	0	0	0	0
twr	0	0	0	0	0	0	0	0	0	-0,59	0	0	0	0	0	0
CG17271	0	0	0	0	0	0	0	0	0	-0,59	0	0	0	0	0	0
CG14615	0	0	0	0	0	0	0	0	0	-0,59	0	0	0	0	0	0
CG34130	0	0	0	0	0	0	0	0	0	-0,58	0	0	0	0	0	0
Spn75F	0	0	0	0	0	0	0	0	0	-0,58	0	0	0	0	0	0
CG31751	0	0	0	0	0	0	0	0	0	-0,58	0	0	0	0	0	0
Pgd	0	0	0	0	0	0	0	0	0	-0,57	0	-0,75	0	0	0	0
CG34002	0	0	0	0	0	0	0	0	0	-0,57	0	0	0	0	0	0
CG14661	0	0	0	0	0	0	0	0	0	-0,56	0	0	0,721810661	0	1,01	0
Cyp1	0	0	0	0	0	0	0	0	0	-0,56	0	0	0	0	0	0
CG17919	0	0	0	0	0	0	0	0	0	-0,56	0	0	0	0	0	0
CG4174	0	0	0	0	0	0	0	0	0	-0,55	0	0	0	0	0	0
CG10651	0	0	0	0	0	0	0	0	0	-0,55	0	0	0	0	0	0
CG15358	0	0	0	0	0	0	0	0	0	-0,55	0	0	0	0	0	0
CG8036	0	0	0	0	0	0	0	0	0	-0,55	0	-0,87	0	0	0	0
CG31266	0	0	0	0	0	0	0	0	0	-0,55	0	0	0,594169344	0	0	0
Grx1	0	0	0	0	0	0	0	0	0	-0,54	0	0	0	0	0	0
RpS17	0	0	0	0	0	0	0	0	0	-0,54	0	0	0	0	0	0
CG18233	0	0	0	0	0	0	0	0	0	-0,54	0	0	0	0	0	0
CG6726	0	0	0	0	0	0	0	0	0	-0,54	0	0	0	0	0	0
Cpr49Ab	0	0	0	0	0	0	0	0	0	-0,53	0	0	0	0	0	0
Qsox2	0	0	0	0	0	0	0	0	0	-0,53	0	0	0	0	0	0
CG8420	0	0	0	0	0	0	0	0	0	-0,53	0	0	0	0	0	0
Prx2540-1	0	0	0	0	0	0	0	0	0	-0,53	0	0	0	0	0	0
CG9953	0	0	0	0	0	0	0	0	0	-0,52	0	0	0	0	0	0
CG13965	0	0	0	0	0	0	0	0	0	-0,52	0	0	0	0	0	0
CG10912	0	0	0	0	0	0	0	0	0	-0,52	0	0	0	0	0	0
Spn28Dc	0	0	0	0	0	0	0	0	0	-0,52	0	-0,61	0	0	0	0
CG9485	0	0	0	0	0	0	0	0	0	-0,51	0	-0,63	0	0	0	0
Spase25	0	0	0	0	0	0	0	0	0	-0,51	0	0	0	0	0	0
Muc18B	0	0	0	0	0	0	0	0	0	-0,51	0	0	0	0	0	0
ATPCL	0	0	0	0	0	0	0	0	0	-0,51	0	0	0	0	0	0
26-29-p	0	0	0	0	0	0	0	0	0	-0,5	0	0	0	0	0	0
antr	0	0	0	0	0	0	0	0	0	-0,5	0	0	0	0	0	0
Mdr49	0	0	0	0	0	0	0	0	0	-0,5	0	0	0	0	0	0
CG10822	0	0	0	0	0	0	0	0	0	-0,5	0	0	0	0	0	0
Cndp2	0	0	0	0	0	0	0	0	0	-0,49	0	0	0	0	0	0
casp	0	0	0	0	0	0	0	0	0	-0,49	0	0	0	0	0	0
CG13492	0	0	0	0	0	0	0	0	0	-0,49	0	0	0	0	0	0
cathD	0	0	0	0	0	0	0	0	0	-0,49	0	0	0	0	0	0
Sc2	0	0	0	0	0	0	0	0	0	-0,49	0	0	0	0	0	0
CtsB1	0	0	0	0	0	0	0	0	0	-0,48	0	-0,5	0	0	0	0
CG14879	0	0	0	0	0	0	0	0	0	-0,48	0	0	0	0	0	0
CG9512	0	0	0	0	0	0	0	0	0	-0,48	0	-0,65	0	0	0	0
Spp	0	0	0	0	0	0	0	0	0	-0,48	0	0	0	0	0	0
CG12990	0	0	0	0	0	0	0	0	0	-0,48	0	0	0	0	0	0
Gp93	0	0	0	0	0	0	0	0	0	-0,47	0	0	0	0	0	0
CG11034	0	0	0	0	0	0	0	0	0	-0,47	0	0	0	0	0	0
CG17821	0	0	0	0	0	0	0	0	0	-0,46	0	0	0	0	0	0
CG9747	0	0	0	0	0	0	0	0	0	-0,46	0	0	0	0	0	0
Cyp6a8	0	0	0	0	0	0	0	0	0	-0,46	0	0	0	0	0	0
Prosalpha4	0	0	0	0	0	0	0	0	0	-0,46	0	0	0	0	0	0
Hmgs	0	0	0	0	0	0	0	0	0	-0,45	0	0	0	0	0	0
Pld3	0	0	0	0	0	0	0	0	0	-0,45	0	0	0	0	0	0
Cpr92F	0	0	0	0	0	0	0	0	0	-0,45	0	0	0	0	0	0
CG33303	0	0	0	0	0	0	0	0	0	-0,44	0	0	0	-0,165916686	0	0
CG30008	0	0	0	0	0	0	0	0	0	-0,44	0	0	0,716397274	0	0	0
CG7329	0	0	0	0	0	0	0	0	0	-0,43	0	0	0	0	0	0
Ost48	0	0	0	0	0	0	0	0	0	-0,42	0	0	0	0	0	0
CG4020	0	0	0	0	0	0	0	0	0	-0,4	0	0	0,554690703	0	0	0
FASN2	0	0	0	0	0	0	0	0	0	-0,37	0	0	0	0	0	0
AttA	0	0	0	0	0	0	0	0	0	0	0,81	0	0	0	0	0
Pdk1	0	0	0	0	0	0	0	0	0	0	0,59	0	0	0	0	0
CG3699	0	0	0	0	0	0	0	0	0	0	0	-1,5	0	0	0	0
Yp1	0	0	0	0	0	0	0	0	0	0	0	-1,36	0	0	0	0
CG32444	0	0	0	0	0	0	0	0	0	0	0	-1,33	0	0	0	0
CG42369	0	0	0	0	0	0	0	0	0	0	0	-1,16	0	0	0	0
ninaD	0	0	0	0	0	0	0	0	0	0	0	-1,15	0	0	0	0
CG42367	0	0	0	0	0	0	0	0	0	0	0	-1,1	0	0	0	0
Yp3	0	0	0	0	0	0	0	0	0	0	0	-1,07	0	0	0	0
Obp83ef	0	0	0	0	0	0	0	0	0	0	0	-1,06	0	0	0	0
CG6067	0	0	0	0	0	0	0	0	0	0	0	-0,98	0	0	0	0
Obp56h	0	0	0	0	0	0	0	0	0	0	0	-0,92	0	0	0	0
CG30503	0	0	0	0	0	0	0	0	0	0	0	-0,92	0	0	0	0
CG15293	0	0	0	0	0	0	0	0	0	0	0	-0,92	0	0	0	0
GNBP2	0	0	0	0	0	0	0	0	0	0	0	-0,92	0	0	0	0
CG33493	0	0	0	0	0	0	0	0	0	0	0	-0,88	0	0	0	0
Aldh7A1	0	0	0	0	0	0	0	0	0	0	0	-0,87	0	0	0	0
Yp2	0	0	0	0	0	0	0	0	0	0	0	-0,84	0	0	0	0
CG6415	0	0	0	0	0	0	0	0	0	0	0	-0,84	0	0	0	0
CG9119	0	0	0	0	0	0	0	0	0	0	0	-0,84	0	0	0	0
CG4847	0	0	0	0	0	0	0	0	0	0	0	-0,82	0	0	0	0
BomBc3	0	0	0	0	0	0	0	0	0	0	0	-0,81	0	0	0	0
CG17333	0	0	0	0	0	0	0	0	0	0	0	-0,8	0	0	0	0
Cyp4ac2	0	0	0	0	0	0	0	0	0	0	0	-0,79	0	0	0	0
CG9837	0	0	0	0	0	0	0	0	0	0	0	-0,78	0	0	0	0
CG3609	0	0	0	0	0	0	0	0	0	0	0	-0,78	0	0	0	0
CG2493	0	0	0	0	0	0	0	0	0	0	0	-0,76	0	0	0	0
CG3534	0	0	0	0	0	0	0	0	0	0	0	-0,75	0	0	0	0
CR10032	0	0	0	0	0	0	0	0	0	0	0	-0,74	0	0	0	0
CG6300	0	0	0	0	0	0	0	0	0	0	0	-0,73	0	0	0	0
CG3246	0	0	0	0	0	0	0	0	0	0	0	-0,73	0	0	0	0
CG40160	0	0	0	0	0	0	0	0	0	0	0	-0,73	0	0	0	0
Sptr	0	0	0	0	0	0	0	0	0	0	0	-0,71	0	0	0	0
Galk	0	0	0	0	0	0	0	0	0	0	0	-0,71	0	0	0	0
regucalcin	0	0	0	0	0	0	0	0	0	0	0	-0,7	0,637574688	0	0,76	-1,17
CG18547	0	0	0	0	0	0	0	0	0	0	0	-0,7	0	0	0	0
CG9547	0	0	0	0	0	0	0	0	0	0	0	-0,69	0	0	0	0
babos	0	0	0	0	0	0	0	0	0	0	0	-0,69	0,428107904	0	0	0
CG32032	0	0	0	0	0	0	0	0	0	0	0	-0,68	0	0	0	0
Nepl18	0	0	0	0	0	0	0	0	0	0	0	-0,68	0	0	0	0
CG13607	0	0	0	0	0	0	0	0	0	0	0	-0,67	0	0	0	0
Tsf1	0	0	0	0	0	0	0	0	0	0	0	-0,66	0	0	0	0
CG30427	0	0	0	0	0	0	0	0	0	0	0	-0,66	0	0	0	0
apolpp	0	0	0	0	0	0	0	0	0	0	0	-0,66	0	0	0	0
AkhR	0	0	0	0	0	0	0	0	0	0	0	-0,66	0	0	0	0
Nepl21	0	0	0	0	0	0	0	0	0	0	0	-0,65	0	0	0	0
CG3829	0	0	0	0	0	0	0	0	0	0	0	-0,64	0	0	0	0
Ssadh	0	0	0	0	0	0	0	0	0	0	0	-0,63	0	0	0	0
Ilp2	0	0	0	0	0	0	0	0	0	0	0	-0,63	0	0	0	0
CG8586	0	0	0	0	0	0	0	0	0	0	0	-0,62	0	0	0	0
SCOT	0	0	0	0	0	0	0	0	0	0	0	-0,61	0	0	0	0
CG13833	0	0	0	0	0	0	0	0	0	0	0	-0,61	0,631316711	0	2,25	0
Cys	0	0	0	0	0	0	0	0	0	0	0	-0,6	0	0	0	0
Obp56g	0	0	0	0	0	0	0	0	0	0	0	-0,58	0	0	0	0
CG33080	0	0	0	0	0	0	0	0	0	0	0	-0,57	0	0	0	0
CG17292	0	0	0	0	0	0	0	0	0	0	0	-0,57	0	0	0	0
jtb	0	0	0	0	0	0	0	0	0	0	0	-0,57	0	0	0	0
CG9391	0	0	0	0	0	0	0	0	0	0	0	-0,55	0	0	0	0
CG31676	0	0	0	0	0	0	0	0	0	0	0	-0,52	0,791904386	0	0	0
Fkbp14	0	0	0	0	0	0	0	0	0	0	0	-0,52	0	0	0	0
CG14277	0	0	0	0	0	0	0	0	0	0	0	-0,52	0	0	0	0
Acsl	0	0	0	0	0	0	0	0	0	0	0	-0,49	0	0	0	0
CAH1	0	0	0	0	0	0	0	0	0	0	0	-0,49	0	0	0	0
fok	0	0	0	0	0	0	0	0	0	0	0	-0,48	0	0	0	0
RpS25	0	0	0	0	0	0	0	0	0	0	0	-0,47	0	0	0	0
Rab1	0	0	0	0	0	0	0	0	0	0	0	-0,42	0	0	0	0
mrva	0	0	0	0	0	0	0	0	0	0	0	-0,4	0	0	0	0
Lamp1	0	0	0	0	0	0	0	0	0	0	0	-0,36	0	0	0	0
Ser12	0	0	0	0	0	0	0	0	0	0	0	0	1,726044192	0	0	0
CG31681	0	0	0	0	0	0	0	0	0	0	0	0	1,591334187	0	0	0
CG43112	0	0	0	0	0	0	0	0	0	0	0	0	1,259798553	0	0	0
CG34446	0	0	0	0	0	0	0	0	0	0	0	0	1,161883273	0	0	0
asRNA:CR44035	0	0	0	0	0	0	0	0	0	0	0	0	1,102110303	0	0	0
Vha36-3	0	0	0	0	0	0	0	0	0	0	0	0	1,098246441	0	0	0
CG43074	0	0	0	0	0	0	0	0	0	0	0	0	1,07136644	0	0	0
conv	0	0	0	0	0	0	0	0	0	0	0	0	1,002779098	0	0	0
CG42562	0	0	0	0	0	0	0	0	0	0	0	0	0,994570555	0	0	0
CG30419	0	0	0	0	0	0	0	0	0	0	0	0	0,977445478	0	0	0
Had2	0	0	0	0	0	0	0	0	0	0	0	0	0,976586334	0	0	0
CG13026	0	0	0	0	0	0	0	0	0	0	0	0	0,975157116	0	0	0
serp	0	0	0	0	0	0	0	0	0	0	0	0	0,952732577	0	0	0
CG7300	0	0	0	0	0	0	0	0	0	0	0	0	0,949174221	0	0	0
CG17189	0	0	0	0	0	0	0	0	0	0	0	0	0,941205091	0	0	0
retinin	0	0	0	0	0	0	0	0	0	0	0	0	0,940052246	0	0	0
Obp19b	0	0	0	0	0	0	0	0	0	0	0	0	0,937566539	0	0	0
CG6733	0	0	0	0	0	0	0	0	0	0	0	0	0,925476987	0	0	0
AQP	0	0	0	0	0	0	0	0	0	0	0	0	0,922853915	0	0	0
CG9897	0	0	0	0	0	0	0	0	0	0	0	0	0,906380691	0	0	0
Send1	0	0	0	0	0	0	0	0	0	0	0	0	0,90351851	0	0	0
CG3348	0	0	0	0	0	0	0	0	0	0	0	0	0,901644068	0	0	0
CG7296	0	0	0	0	0	0	0	0	0	0	0	0	0,90111482	0	0	0
CG3285	0	0	0	0	0	0	0	0	0	0	0	0	0,898246093	0	0	0
CG9572	0	0	0	0	0	0	0	0	0	0	0	0	0,888235727	0	0	0
CG32277	0	0	0	0	0	0	0	0	0	0	0	0	0,882135571	0	0	0
eloF	0	0	0	0	0	0	0	0	0	0	0	0	0,879965172	0	0	0
CG31207	0	0	0	0	0	0	0	0	0	0	0	0	0,879336368	0	0	0
lectin-24Db	0	0	0	0	0	0	0	0	0	0	0	0	0,878159695	0	0	0
CG9338	0	0	0	0	0	0	0	0	0	0	0	0	0,877333292	0	0	0
CG17562	0	0	0	0	0	0	0	0	0	0	0	0	0,876903242	0	0	0
obst-E	0	0	0	0	0	0	0	0	0	0	0	0	0,8714018	0	0	0
CG33178	0	0	0	0	0	0	0	0	0	0	0	0	0,863299726	0	0	0
CG31259	0	0	0	0	0	0	0	0	0	0	0	0	0,858108991	0	0	0
CG10154	0	0	0	0	0	0	0	0	0	0	0	0	0,856829692	0	0	0
Dhc93AB	0	0	0	0	0	0	0	0	0	0	0	0	0,855978984	0	0	0
yellow-e	0	0	0	0	0	0	0	0	0	0	0	0	0,852107688	0	0	0
CG18628	0	0	0	0	0	0	0	0	0	0	0	0	0,851231555	0	0	0
CG34034	0	0	0	0	0	0	0	0	0	0	0	0	0,85079102	0	0	0
CG42780	0	0	0	0	0	0	0	0	0	0	0	0	0,844896659	0	0	0
CG14778	0	0	0	0	0	0	0	0	0	0	0	0	0,843513112	0	0	0
CG9164	0	0	0	0	0	0	0	0	0	0	0	0	0,842653489	0	0	0
CG13428	0	0	0	0	0	0	0	0	0	0	0	0	0,840370078	0	0	0
Tsp42Eo	0	0	0	0	0	0	0	0	0	0	0	0	0,839024997	0	0	0
lbm	0	0	0	0	0	0	0	0	0	0	0	0	0,838048429	0	0	0
asRNA:CR45024	0	0	0	0	0	0	0	0	0	0	0	0	0,835736031	0	0	0
CG15155	0	0	0	0	0	0	0	0	0	0	0	0	0,831707282	0	0	0
asRNA:CR46089	0	0	0	0	0	0	0	0	0	0	0	0	0,830317064	0	0	0
Fbxl7	0	0	0	0	0	0	0	0	0	0	0	0	0,829519027	0	0	0
CG7409	0	0	0	0	0	0	0	0	0	0	0	0	0,828555083	0	0	0
Ir25a	0	0	0	0	0	0	0	0	0	0	0	0	0,826946413	0	0	0
CG42361	0	0	0	0	0	0	0	0	0	0	0	0	0,826434541	0	0	0
lncRNA:CR31781	0	0	0	0	0	0	0	0	0	0	0	0	0,826310923	0	0	0
Vdup1	0	0	0	0	0	0	0	0	0	0	0	0	0,825516447	0	0	0
CG13458	0	0	0	0	0	0	0	0	0	0	0	0	0,824246002	0	0	0
CG11619	0	0	0	0	0	0	0	0	0	0	0	0	0,823668841	0	0	0
CG8854	0	0	0	0	0	0	0	0	0	0	0	0	0,821365864	0	0	0
Obp83g	0	0	0	0	0	0	0	0	0	0	0	0	0,820474939	0	0	0
asRNA:CR44021	0	0	0	0	0	0	0	0	0	0	0	0	0,820374017	0	0	0
l(2)34Fc	0	0	0	0	0	0	0	0	0	0	0	0	0,817676348	0	0	0
Tsp42En	0	0	0	0	0	0	0	0	0	0	0	0	0,807611967	0	0	0
DIP-theta	0	0	0	0	0	0	0	0	0	0	0	0	0,804835059	0	0	0
Cyp318a1	0	0	0	0	0	0	0	0	0	0	0	0	0,801270945	0	0	0
verm	0	0	0	0	0	0	0	0	0	0	0	0	0,799688553	0	0	0
CG31267	0	0	0	0	0	0	0	0	0	0	0	0	0,799261399	0	0	0
CG9459	0	0	0	0	0	0	0	0	0	0	0	0	0,795614865	0	0	0
TpnC25D	0	0	0	0	0	0	0	0	0	0	0	0	0,789017595	0	0	0
CG14153	0	0	0	0	0	0	0	0	0	0	0	0	0,78634146	0	0	0
CG8925	0	0	0	0	0	0	0	0	0	0	0	0	0,785459643	0	0	0
plh	0	0	0	0	0	0	0	0	0	0	0	0	0,783457922	0	0	0
SLC22A	0	0	0	0	0	0	0	0	0	0	0	0	0,782232851	0	0	0
asRNA:CR45831	0	0	0	0	0	0	0	0	0	0	0	0	0,780161773	0	0	0
yellow-c	0	0	0	0	0	0	0	0	0	0	0	0	0,77686663	0	0	0
tinc	0	0	0	0	0	0	0	0	0	0	0	0	0,773870273	0	0	0
NtR	0	0	0	0	0	0	0	0	0	0	0	0	0,772439545	0	0	0
CG14742	0	0	0	0	0	0	0	0	0	0	0	0	0,770912655	0	0	0
trh	0	0	0	0	0	0	0	0	0	0	0	0	0,770085101	0	0	0
Rgk3	0	0	0	0	0	0	0	0	0	0	0	0	0,767385302	0	0	0
CG30043	0	0	0	0	0	0	0	0	0	0	0	0	0,767362741	0	0	0
Tsp42Eg	0	0	0	0	0	0	0	0	0	0	0	0	0,765811816	0	0	0
CG6041	0	0	0	0	0	0	0	0	0	0	0	0	0,763971518	0	0	0
CG31189	0	0	0	0	0	0	0	0	0	0	0	0	0,759930736	0	0	0
CG3984	0	0	0	0	0	0	0	0	0	0	0	0	0,758859241	0	0	0
CG13856	0	0	0	0	0	0	0	0	0	0	0	0	0,757038647	0	0	0
CG4461	0	0	0	0	0	0	0	0	0	0	0	0	0,755293944	0	0	0
Cpr49Ah	0	0	0	0	0	0	0	0	0	0	0	0	0,746007841	0	0	0
CG13116	0	0	0	0	0	0	0	0	0	0	0	0	0,744539274	0	0	0
CG6055	0	0	0	0	0	0	0	0	0	0	0	0	0,742359302	0	0	0
b	0	0	0	0	0	0	0	0	0	0	0	0	0,740580082	0	0	0
Cpr47Ef	0	0	0	0	0	0	0	0	0	0	0	0	0,740508513	0	0	0
CG33281	0	0	0	0	0	0	0	0	0	0	0	0	0,740458618	0	0	0
CG34370	0	0	0	0	0	0	0	0	0	0	0	0	0,738013662	0	0	0
ry	0	0	0	0	0	0	0	0	0	0	0	0	0,736577682	0	0	0
Karl	0	0	0	0	0	0	0	0	0	0	0	0	0,733261665	0	0	0
Cpr47Ee	0	0	0	0	0	0	0	0	0	0	0	0	0,733068333	0	0	0
CG8908	0	0	0	0	0	0	0	0	0	0	0	0	0,732242926	0	0	0
CG7443	0	0	0	0	0	0	0	0	0	0	0	0	0,72981513	0	0	0
CG17026	0	0	0	0	0	0	0	0	0	0	0	0	0,729602868	0	0	0
CG42705	0	0	0	0	0	0	0	0	0	0	0	0	0,729048488	0	0	0
Asph	0	0	0	0	0	0	0	0	0	0	0	0	0,727710032	0	0	0
pio	0	0	0	0	0	0	0	0	0	0	0	0	0,726654097	0	0	0
CG10345	0	0	0	0	0	0	0	0	0	0	0	0	0,72547318	0	0	0
CG15629	0	0	0	0	0	0	0	0	0	0	0	0	0,72507644	0	0	0
Faa	0	0	0	0	0	0	0	0	0	0	0	0	0,722556678	0	0	0
dpy	0	0	0	0	0	0	0	0	0	0	0	0	0,721459417	0	0	0
Cyp4g15	0	0	0	0	0	0	0	0	0	0	0	0	0,721404279	0	0	0
CG8837	0	0	0	0	0	0	0	0	0	0	0	0	0,720408225	0	0	0
SPARC	0	0	0	0	0	0	0	0	0	0	0	0	0,720353797	0	0	0
SerT	0	0	0	0	0	0	0	0	0	0	0	0	0,717113602	0	0	0
NPF	0	0	0	0	0	0	0	0	0	0	0	0	0,716645994	0	0	0
CG32024	0	0	0	0	0	0	0	0	0	0	0	0	0,713127601	0	0	0
CG11029	0	0	0	0	0	0	0	0	0	0	0	0	0,711401059	0	0	0
sug	0	0	0	0	0	0	0	0	0	0	0	0	0,708749111	0	0	0
Obp57a	0	0	0	0	0	0	0	0	0	0	0	0	0,707558025	0	0	0
Mp20	0	0	0	0	0	0	0	0	0	0	0	0	0,706062854	0	0	0
kon	0	0	0	0	0	0	0	0	0	0	0	0	0,703626819	0	0	0
VGAT	0	0	0	0	0	0	0	0	0	0	0	0	0,70267316	0	0	0
CG31103	0	0	0	0	0	0	0	0	0	0	0	0	0,702590998	0	0	0
Nep7	0	0	0	0	0	0	0	0	0	0	0	0	0,701903886	0	0	0
CG32669	0	0	0	0	0	0	0	0	0	0	0	0	0,701552651	0	0	0
CG14298	0	0	0	0	0	0	0	0	0	0	0	0	0,701503873	0	0	0
CG14439	0	0	0	0	0	0	0	0	0	0	0	0	0,699991915	0	0	0
CG14259	0	0	0	0	0	0	0	0	0	0	0	0	0,698779612	0	0	0
Aplip1	0	0	0	0	0	0	0	0	0	0	0	0	0,697122495	0	0	0
dac	0	0	0	0	0	0	0	0	0	0	0	0	0,696499347	0	0	0
CG42808	0	0	0	0	0	0	0	0	0	0	0	0	0,695689202	0	0	0
Def	0	0	0	0	0	0	0	0	0	0	0	0	0,693295523	0	0	0
Stacl	0	0	0	0	0	0	0	0	0	0	0	0	0,690446855	0	0	0
CG9626	0	0	0	0	0	0	0	0	0	0	0	0	0,69030539	0	0	0
CG14109	0	0	0	0	0	0	0	0	0	0	0	0	0,689461811	0	0	0
Nepl4	0	0	0	0	0	0	0	0	0	0	0	0	0,68850155	0	0	0
CG1441	0	0	0	0	0	0	0	0	0	0	0	0	0,687080681	0	0	0
CG5023	0	0	0	0	0	0	0	0	0	0	0	0	0,686148698	0	0	0
CG10469	0	0	0	0	0	0	0	0	0	0	0	0	0,686096236	0	0	0
CG12268	0	0	0	0	0	0	0	0	0	0	0	0	0,685601018	0	0	0
CG9336	0	0	0	0	0	0	0	0	0	0	0	0	0,685580091	0	0	0
CG16904	0	0	0	0	0	0	0	0	0	0	0	0	0,684702129	0	0	0
CG31176	0	0	0	0	0	0	0	0	0	0	0	0	0,684618577	0	0	0
CG5867	0	0	0	0	0	0	0	0	0	0	0	0	0,68365432	0	0	0
CG34396	0	0	0	0	0	0	0	0	0	0	0	0	0,683609935	0	0	0
spab	0	0	0	0	0	0	0	0	0	0	0	0	0,682530733	0	0	0
Syn2	0	0	0	0	0	0	0	0	0	0	0	0	0,681049085	0	0	0
Cyp4e1	0	0	0	0	0	0	0	0	0	0	0	0	0,680873487	0	0	0
su(r)	0	0	0	0	0	0	0	0	0	0	0	0	0,679406977	0	0	0
CG43092	0	0	0	0	0	0	0	0	0	0	0	0	0,677859776	0	0	0
nAChRbeta3	0	0	0	0	0	0	0	0	0	0	0	0	0,677401607	0	0	0
CG8620	0	0	0	0	0	0	0	0	0	0	0	0	0,675331021	0	0	0
igl	0	0	0	0	0	0	0	0	0	0	0	0	0,675171074	0	0	0
Cad96Ca	0	0	0	0	0	0	0	0	0	0	0	0	0,674928758	0	0	0
Rh50	0	0	0	0	0	0	0	0	0	0	0	0	0,673724598	0	0	0
CG14022	0	0	0	0	0	0	0	0	0	0	0	0	0,672364422	0	0	0
CG11892	0	0	0	0	0	0	0	0	0	0	0	0	0,672152379	0	0	0
rdo	0	0	0	0	0	0	0	0	0	0	0	0	0,671591551	0	0	0
CG42495	0	0	0	0	0	0	0	0	0	0	0	0	0,670224412	0	0	0
CG12780	0	0	0	0	0	0	0	0	0	0	0	0	0,667084306	0	0	0
CG9427	0	0	0	0	0	0	0	0	0	0	0	0	0,666183808	0	0	0
CG10311	0	0	0	0	0	0	0	0	0	0	0	0	0,663972969	0	0	0
CG14655	0	0	0	0	0	0	0	0	0	0	0	0	0,663110657	0	0	0
CG15406	0	0	0	0	0	0	0	0	0	0	0	0	0,662546042	0	0	0
CG33054	0	0	0	0	0	0	0	0	0	0	0	0	0,659169448	0	0	0
CG43093	0	0	0	0	0	0	0	0	0	0	0	0	0,656275785	0	0	0
CG31100	0	0	0	0	0	0	0	0	0	0	0	0	0,653747144	0	0	0
GstE10	0	0	0	0	0	0	0	0	0	0	0	0	0,653269389	0	0	0
zormin	0	0	0	0	0	0	0	0	0	0	0	0	0,652796183	0	0	0
CG32195	0	0	0	0	0	0	0	0	0	0	0	0	0,649977999	0	0	0
Pcyt2	0	0	0	0	0	0	0	0	0	0	0	0	0,644662134	0	0	0
2mit	0	0	0	0	0	0	0	0	0	0	0	0	0,643615111	0	0	0
CG15546	0	0	0	0	0	0	0	0	0	0	0	0	0,643051449	0	0	0
CG31706	0	0	0	0	0	0	0	0	0	0	0	0	0,639755163	0	0	0
CG15673	0	0	0	0	0	0	0	0	0	0	0	0	0,638772327	0	0	0
Act87E	0	0	0	0	0	0	0	0	0	0	0	0	0,637408103	0	0	0
CG7497	0	0	0	0	0	0	0	0	0	0	0	0	0,634936492	0	0	0
CG42394	0	0	0	0	0	0	0	0	0	0	0	0	0,634632974	0	0	0
Npc2b	0	0	0	0	0	0	0	0	0	0	0	0	0,633109208	0	0	0
Ugt317A1	0	0	0	0	0	0	0	0	0	0	0	0	0,63096489	0	0	0
Tsp	0	0	0	0	0	0	0	0	0	0	0	0	0,630840589	0	0	0
CG42663	0	0	0	0	0	0	0	0	0	0	0	0	0,628601614	0	0	0
CG11275	0	0	0	0	0	0	0	0	0	0	0	0	0,62838617	0	0	0
unc79	0	0	0	0	0	0	0	0	0	0	0	0	0,62800903	0	0	0
Vha68-1	0	0	0	0	0	0	0	0	0	0	0	0	0,625470813	0	0	0
yellow-d	0	0	0	0	0	0	0	0	0	0	0	0	0,618486659	0	0	0
CG10126	0	0	0	0	0	0	0	0	0	0	0	0	0,614805787	0	0	0
Ca-alpha1D	0	0	0	0	0	0	0	0	0	0	0	0	0,613783264	0	0	0
CHKov1	0	0	0	0	0	0	0	0	0	0	0	0	0,613199951	0	0	0
lncRNA:CR44645	0	0	0	0	0	0	0	0	0	0	0	0	0,612022353	0	0	0
CG11044	0	0	0	0	0	0	0	0	0	0	0	0	0,611116598	0	0	0
NaPi-T	0	0	0	0	0	0	0	0	0	0	0	0	0,609294708	0	0	0
CG1607	0	0	0	0	0	0	0	0	0	0	0	0	0,608441583	0	0	0
asRNA:CR44029	0	0	0	0	0	0	0	0	0	0	0	0	0,607558428	0	0	0
sls	0	0	0	0	0	0	0	0	0	0	0	0	0,607174991	0	0	0
Obp57c	0	0	0	0	0	0	0	0	0	0	0	0	0,606247925	0	0	0
CG9628	0	0	0	0	0	0	0	0	0	0	0	0	0,604648137	0	0	0
qsm	0	0	0	0	0	0	0	0	0	0	0	0	0,602536014	0	0	0
CG9297	0	0	0	0	0	0	0	0	0	0	0	0	0,59805403	0	0	0
CG6465	0	0	0	0	0	0	0	0	0	0	0	0	0,59346102	0	0	0
Pgcl	0	0	0	0	0	0	0	0	0	0	0	0	0,593394979	0	0	0
Adk1	0	0	0	0	0	0	0	0	0	0	0	0	0,592750894	0	0	0
Fad2	0	0	0	0	0	0	0	0	0	0	0	0	0,591816934	0	0	0
CG9702	0	0	0	0	0	0	0	0	0	0	0	0	0,589863868	0	0	0
Nep1	0	0	0	0	0	0	0	0	0	0	0	0	0,587631806	0	0	0
SPR	0	0	0	0	0	0	0	0	0	0	0	0	0,587260697	0	0	0
TyrR	0	0	0	0	0	0	0	0	0	0	0	0	0,584971609	0	0	0
CG9458	0	0	0	0	0	0	0	0	0	0	0	0	0,58031493	0	0	0
CG8547	0	0	0	0	0	0	0	0	0	0	0	0	0,578794551	0	0	0
Rgk2	0	0	0	0	0	0	0	0	0	0	0	0	0,576045855	0	0	0
CAH9	0	0	0	0	0	0	0	0	0	0	0	0	0,575171959	0	0	0
Cow	0	0	0	0	0	0	0	0	0	0	0	0	0,572242199	0	0	0
CG6432	0	0	0	0	0	0	0	0	0	0	0	0	0,572011819	0	0	0
CG42319	0	0	0	0	0	0	0	0	0	0	0	0	0,571800541	0	0	0
RhoGAP100F	0	0	0	0	0	0	0	0	0	0	0	0	0,571084655	0	0	0
Adat1	0	0	0	0	0	0	0	0	0	0	0	0	0,570955593	0	0	0
CG5506	0	0	0	0	0	0	0	0	0	0	0	0	0,570274572	0	0	0
CG14275	0	0	0	0	0	0	0	0	0	0	0	0	0,569899362	0	0	0
CG11155	0	0	0	0	0	0	0	0	0	0	0	0	0,569829107	0	0	0
hebe	0	0	0	0	0	0	0	0	0	0	0	0	0,567931606	0	0	0
CG2082	0	0	0	0	0	0	0	0	0	0	0	0	0,567373754	0	0	0
ckd	0	0	0	0	0	0	0	0	0	0	0	0	0,566550794	0	0	0
CG17739	0	0	0	0	0	0	0	0	0	0	0	0	0,56486641	0	0	0
CG31199	0	0	0	0	0	0	0	0	0	0	0	0	0,561816738	0	0	0
CG33110	0	0	0	0	0	0	0	0	0	0	0	0	0,561301609	0	0	0
CG44085	0	0	0	0	0	0	0	0	0	0	0	0	0,560244303	0	0	0
olf413	0	0	0	0	0	0	0	0	0	0	0	0	0,558571779	0	0	0
CG13796	0	0	0	0	0	0	0	0	0	0	0	0	0,55817017	0	0	0
CG8500	0	0	0	0	0	0	0	0	0	0	0	0	0,553775428	0	0	0
Timp	0	0	0	0	0	0	0	0	0	0	0	0	0,551308096	0	0	0
CG30069	0	0	0	0	0	0	0	0	0	0	0	0	0,547432968	0	0	0
CG13124	0	0	0	0	0	0	0	0	0	0	0	0	0,545350866	0	0	0
CG11409	0	0	0	0	0	0	0	0	0	0	0	0	0,545037262	0	0	0
AANAT1	0	0	0	0	0	0	0	0	0	0	0	0	0,544969778	0	0	0
CG1124	0	0	0	0	0	0	0	0	0	0	0	0	0,54494517	0	0	0
LysP	0	0	0	0	0	0	0	0	0	0	0	0	0,540881994	0	0	0
CG1673	0	0	0	0	0	0	0	0	0	0	0	0	0,54010004	0	0	0
NaCP60E	0	0	0	0	0	0	0	0	0	0	0	0	0,538166178	0	0	0
bdl	0	0	0	0	0	0	0	0	0	0	0	0	0,536753603	0	0	0
CG7910	0	0	0	0	0	0	0	0	0	0	0	0	0,53649223	0	0	0
Drip	0	0	0	0	0	0	0	0	0	0	0	0	0,535960693	0	0	0
CG6310	0	0	0	0	0	0	0	0	0	0	0	0	0,522292566	0	0	0
CG10512	0	0	0	0	0	0	0	0	0	0	0	0	0,521309285	0	0	0
ND-MWFE	0	0	0	0	0	0	0	0	0	0	0	0	0,521066345	0	0	0
CG32112	0	0	0	0	0	0	0	0	0	0	0	0	0,514102071	0	0	0
Gpdh1	0	0	0	0	0	0	0	0	0	0	0	0	0,513177798	0	0	0
Cyp4g1	0	0	0	0	0	0	0	0	0	0	0	0	0,508493776	0	0	0
CG17278	0	0	0	0	0	0	0	0	0	0	0	0	0,507231838	0	0	0
htl	0	0	0	0	0	0	0	0	0	0	0	0	0,503685056	0	0	0
CG3036	0	0	0	0	0	0	0	0	0	0	0	0	0,500988213	0	0	0
CG31808	0	0	0	0	0	0	0	0	0	0	0	0	0,497910732	0	0	0
ND-B14-5B	0	0	0	0	0	0	0	0	0	0	0	0	0,495455577	0	0	0
RIC-3	0	0	0	0	0	0	0	0	0	0	0	0	0,493921145	0	0	0
CG5346	0	0	0	0	0	0	0	0	0	0	0	0	0,492130527	0	0	0
CG14777	0	0	0	0	0	0	0	0	0	0	0	0	0,490485835	0	0	0
Hacd1	0	0	0	0	0	0	0	0	0	0	0	0	0,48584765	0	0	0
Ugt36D1	0	0	0	0	0	0	0	0	0	0	0	0	0,48223155	0	0	0
CG7378	0	0	0	0	0	0	0	0	0	0	0	0	0,474820102	0	0	0
CG2017	0	0	0	0	0	0	0	0	0	0	0	0	0,469600503	0	0	0
CG5597	0	0	0	0	0	0	0	0	0	0	0	0	0,469390447	0	0	0
CG11752	0	0	0	0	0	0	0	0	0	0	0	0	0,463102913	0	0	0
egr	0	0	0	0	0	0	0	0	0	0	0	0	0,456673835	0	0	0
CG7920	0	0	0	0	0	0	0	0	0	0	0	0	0,451704471	0	0	0
CG9399	0	0	0	0	0	0	0	0	0	0	0	0	0,450184101	0	0	0
Idgf1	0	0	0	0	0	0	0	0	0	0	0	0	0,443215564	0	0	0
CG7382	0	0	0	0	0	0	0	0	0	0	0	0	0,437901646	0	0	0
ND-MLRQ	0	0	0	0	0	0	0	0	0	0	0	0	0,428441834	0	0	0
uzip	0	0	0	0	0	0	0	0	0	0	0	0	0,426255237	0	0	0
ND-B14-5A	0	0	0	0	0	0	0	0	0	0	0	0	0,421606071	0	0	0
sun	0	0	0	0	0	0	0	0	0	0	0	0	0,420683883	0	0	0
Vha14-1	0	0	0	0	0	0	0	0	0	0	0	0	0,414990121	0	0	0
Cat	0	0	0	0	0	0	0	0	0	0	0	0	0,407078521	0	0	0
CG17549	0	0	0	0	0	0	0	0	0	0	0	0	0,394976101	0	0	0
Cyp9b2	0	0	0	0	0	0	0	0	0	0	0	0	0,386588875	0	0	0
CG14818	0	0	0	0	0	0	0	0	0	0	0	0	0,384110325	0	0	0
GstE12	0	0	0	0	0	0	0	0	0	0	0	0	0,37639635	0	0	0
hdly	0	0	0	0	0	0	0	0	0	0	0	0	0,368145417	0	0	0
CG13585	0	0	0	0	0	0	0	0	0	0	0	0	0,362488147	0	0	0
CG31523	0	0	0	0	0	0	0	0	0	0	0	0	0,336827088	0	0	0
CG17508	0	0	0	0	0	0	0	0	0	0	0	0	0,321745266	0	0	0
cora	0	0	0	0	0	0	0	0	0	0	0	0	0,317195263	0	0	0
SelT	0	0	0	0	0	0	0	0	0	0	0	0	0,311936097	0	0	0
dnr1	0	0	0	0	0	0	0	0	0	0	0	0	0,30855455	0	0	0
Inos	0	0	0	0	0	0	0	0	0	0	0	0	0,287500065	0	0	0
CG1640	0	0	0	0	0	0	0	0	0	0	0	0	0,270810783	0	0	0
MSBP	0	0	0	0	0	0	0	0	0	0	0	0	0,192868459	0	0	0
CG13737	0	0	0	0	0	0	0	0	0	0	0	0	0	-0,865054747	0	0
Tollo	0	0	0	0	0	0	0	0	0	0	0	0	0	-0,756057069	0	0
Cp38	0	0	0	0	0	0	0	0	0	0	0	0	0	-0,716624499	0	0
Cad74A	0	0	0	0	0	0	0	0	0	0	0	0	0	-0,683463024	0	0
Cp36	0	0	0	0	0	0	0	0	0	0	0	0	0	-0,6568174	0	0
CG33129	0	0	0	0	0	0	0	0	0	0	0	0	0	-0,622232731	0	0
Zip88E	0	0	0	0	0	0	0	0	0	0	0	0	0	-0,578567442	0	0
CR18217	0	0	0	0	0	0	0	0	0	0	0	0	0	-0,559608129	0	0
Cht2	0	0	0	0	0	0	0	0	0	0	0	0	0	-0,552469332	0	0
srp	0	0	0	0	0	0	0	0	0	0	0	0	0	-0,537968553	0	0
CG11263	0	0	0	0	0	0	0	0	0	0	0	0	0	-0,520069526	0	0
CG8607	0	0	0	0	0	0	0	0	0	0	0	0	0	-0,513970071	0	0
CG15312	0	0	0	0	0	0	0	0	0	0	0	0	0	-0,457403713	0	0
CG44838	0	0	0	0	0	0	0	0	0	0	0	0	0	-0,449921948	0	0
sced	0	0	0	0	0	0	0	0	0	0	0	0	0	-0,445230854	0	0
CG14005	0	0	0	0	0	0	0	0	0	0	0	0	0	-0,429594366	0	0
Smr	0	0	0	0	0	0	0	0	0	0	0	0	0	-0,424729404	0	0
Sf3b3	0	0	0	0	0	0	0	0	0	0	0	0	0	-0,42089021	0	0
sl	0	0	0	0	0	0	0	0	0	0	0	0	0	-0,420276381	0	0
CG8243	0	0	0	0	0	0	0	0	0	0	0	0	0	-0,415056923	0	0
tws	0	0	0	0	0	0	0	0	0	0	0	0	0	-0,399856454	0	0
Pcl	0	0	0	0	0	0	0	0	0	0	0	0	0	-0,398522126	0	0
Nost	0	0	0	0	0	0	0	0	0	0	0	0	0	-0,398469324	0	0
dao	0	0	0	0	0	0	0	0	0	0	0	0	0	-0,397380037	0	0
Drep2	0	0	0	0	0	0	0	0	0	0	0	0	0	-0,395181783	0	0
Capr	0	0	0	0	0	0	0	0	0	0	0	0	0	-0,394206375	0	0
Caf1-180	0	0	0	0	0	0	0	0	0	0	0	0	0	-0,393610633	0	0
gnu	0	0	0	0	0	0	0	0	0	0	0	0	0	-0,392873417	0	0
Su(Tpl)	0	0	0	0	0	0	0	0	0	0	0	0	0	-0,390944877	0	0
pcs	0	0	0	0	0	0	0	0	0	0	0	0	0	-0,386754293	0	0
Sk2	0	0	0	0	0	0	0	0	0	0	0	0	0	-0,384584805	0	0
Ada2b	0	0	0	0	0	0	0	0	0	0	0	0	0	-0,384028363	0	0
TMEM216	0	0	0	0	0	0	0	0	0	0	0	0	0	-0,383146284	0	0
CG6066	0	0	0	0	0	0	0	0	0	0	0	0	0	-0,375750143	0	0
wge	0	0	0	0	0	0	0	0	0	0	0	0	0	-0,371213681	0	0
CG3894	0	0	0	0	0	0	0	0	0	0	0	0	0	-0,370851139	0	0
Pi3K21B	0	0	0	0	0	0	0	0	0	0	0	0	0	-0,370721397	0	0
Marf1	0	0	0	0	0	0	0	0	0	0	0	0	0	-0,368285216	0	0
CG32066	0	0	0	0	0	0	0	0	0	0	0	0	0	-0,366141225	0	0
dlp	0	0	0	0	0	0	0	0	0	0	0	0	0	-0,365654477	0	0
Eip63E	0	0	0	0	0	0	0	0	0	0	0	0	0	-0,365476264	0	0
Ipk2	0	0	0	0	0	0	0	0	0	0	0	0	0	-0,360190752	0	0
RhoGAP71E	0	0	0	0	0	0	0	0	0	0	0	0	0	-0,35988928	0	0
fs(1)N	0	0	0	0	0	0	0	0	0	0	0	0	0	-0,357822856	0	0
SKIP	0	0	0	0	0	0	0	0	0	0	0	0	0	-0,357755266	0	0
stau	0	0	0	0	0	0	0	0	0	0	0	0	0	-0,357613571	0	0
rb	0	0	0	0	0	0	0	0	0	0	0	0	0	-0,356747361	0	0
CG4502	0	0	0	0	0	0	0	0	0	0	0	0	0	-0,35672459	0	0
mld	0	0	0	0	0	0	0	0	0	0	0	0	0	-0,356197295	0	0
rdx	0	0	0	0	0	0	0	0	0	0	0	0	0	-0,356085828	0	0
bin3	0	0	0	0	0	0	0	0	0	0	0	0	0	-0,355809416	0	0
CCT6	0	0	0	0	0	0	0	0	0	0	0	0	0	-0,352557917	0	-3,85
CG34401	0	0	0	0	0	0	0	0	0	0	0	0	0	-0,351296436	0	0
l(3)05822	0	0	0	0	0	0	0	0	0	0	0	0	0	-0,349307856	0	0
mod(mdg4)	0	0	0	0	0	0	0	0	0	0	0	0	0	-0,347337136	0	0
snf	0	0	0	0	0	0	0	0	0	0	0	0	0	-0,34632042	0	0
Cpsf5	0	0	0	0	0	0	0	0	0	0	0	0	0	-0,345183698	0	0
magu	0	0	0	0	0	0	0	0	0	0	0	0	0	-0,344965433	0	0
kuz	0	0	0	0	0	0	0	0	0	0	0	0	0	-0,344829767	0	0
wde	0	0	0	0	0	0	0	0	0	0	0	0	0	-0,340779852	0	0
Nf-YC	0	0	0	0	0	0	0	0	0	0	0	0	0	-0,340591293	0	0
bif	0	0	0	0	0	0	0	0	0	0	0	0	0	-0,340303285	0	0
Tsc1	0	0	0	0	0	0	0	0	0	0	0	0	0	-0,339144645	0	0
sktl	0	0	0	0	0	0	0	0	0	0	0	0	0	-0,338612443	0	0
CG7718	0	0	0	0	0	0	0	0	0	0	0	0	0	-0,338459022	0	0
Socs16D	0	0	0	0	0	0	0	0	0	0	0	0	0	-0,33729105	0	0
cic	0	0	0	0	0	0	0	0	0	0	0	0	0	-0,337051567	0	0
srl	0	0	0	0	0	0	0	0	0	0	0	0	0	-0,336753587	0	0
Gug	0	0	0	0	0	0	0	0	0	0	0	0	0	-0,335939003	0	0
tral	0	0	0	0	0	0	0	0	0	0	0	0	0	-0,334680383	0	0
snama	0	0	0	0	0	0	0	0	0	0	0	0	0	-0,332028273	0	0
slpr	0	0	0	0	0	0	0	0	0	0	0	0	0	-0,330835899	0	0
Nup62	0	0	0	0	0	0	0	0	0	0	0	0	0	-0,330408311	0	0
Pez	0	0	0	0	0	0	0	0	0	0	0	0	0	-0,329620706	0	0
dUTPase	0	0	0	0	0	0	0	0	0	0	0	0	0	-0,329293221	0	0
CG10555	0	0	0	0	0	0	0	0	0	0	0	0	0	-0,32890517	0	0
E23	0	0	0	0	0	0	0	0	0	0	0	0	0	-0,326243997	0	0
BTBD9	0	0	0	0	0	0	0	0	0	0	0	0	0	-0,32532273	0	0
CG7332	0	0	0	0	0	0	0	0	0	0	0	0	0	-0,32468046	0	0
MAN1	0	0	0	0	0	0	0	0	0	0	0	0	0	-0,322799445	0	0
CG11873	0	0	0	0	0	0	0	0	0	0	0	0	0	-0,320406613	0	0
CG8668	0	0	0	0	0	0	0	0	0	0	0	0	0	-0,320352694	0	0
stx	0	0	0	0	0	0	0	0	0	0	0	0	0	-0,315788321	0	0
osk	0	0	0	0	0	0	0	0	0	0	0	0	0	-0,312385982	0	0
spir	0	0	0	0	0	0	0	0	0	0	0	0	0	-0,311598145	0	0
Cyp6v1	0	0	0	0	0	0	0	0	0	0	0	0	0	-0,31017029	0	0
Ssdp	0	0	0	0	0	0	0	0	0	0	0	0	0	-0,30899146	0	0
CG4080	0	0	0	0	0	0	0	0	0	0	0	0	0	-0,308850673	0	0
pico	0	0	0	0	0	0	0	0	0	0	0	0	0	-0,307348373	0	0
gpp	0	0	0	0	0	0	0	0	0	0	0	0	0	-0,306988521	0	0
osa	0	0	0	0	0	0	0	0	0	0	0	0	0	-0,306222616	0	0
PTP-ER	0	0	0	0	0	0	0	0	0	0	0	0	0	-0,305854778	0	0
Lkb1	0	0	0	0	0	0	0	0	0	0	0	0	0	-0,305055893	0	0
Hr96	0	0	0	0	0	0	0	0	0	0	0	0	0	-0,304871632	0	0
Sema2a	0	0	0	0	0	0	0	0	0	0	0	0	0	-0,303151506	0	0
RhoGAPp190	0	0	0	0	0	0	0	0	0	0	0	0	0	-0,30298636	0	0
CG10702	0	0	0	0	0	0	0	0	0	0	0	0	0	-0,302422447	0	0
mim	0	0	0	0	0	0	0	0	0	0	0	0	0	-0,302138137	0	0
Taf4	0	0	0	0	0	0	0	0	0	0	0	0	0	-0,301689334	0	0
Syx18	0	0	0	0	0	0	0	0	0	0	0	0	0	-0,300845298	0	0
AP-1mu	0	0	0	0	0	0	0	0	0	0	0	0	0	-0,299658847	0	0
Hph	0	0	0	0	0	0	0	0	0	0	0	0	0	-0,298011559	0	0
clos	0	0	0	0	0	0	0	0	0	0	0	0	0	-0,296971064	0	0
CG9328	0	0	0	0	0	0	0	0	0	0	0	0	0	-0,295296737	0	0
CG17746	0	0	0	0	0	0	0	0	0	0	0	0	0	-0,290259534	0	0
viaf	0	0	0	0	0	0	0	0	0	0	0	0	0	-0,289446522	0	0
CG2162	0	0	0	0	0	0	0	0	0	0	0	0	0	-0,288527167	0	0
CG9705	0	0	0	0	0	0	0	0	0	0	0	0	0	-0,287481574	0	0
pps	0	0	0	0	0	0	0	0	0	0	0	0	0	-0,28505903	0	0
for	0	0	0	0	0	0	0	0	0	0	0	0	0	-0,283911736	0	0
CCT3	0	0	0	0	0	0	0	0	0	0	0	0	0	-0,283598279	0	0
CG2938	0	0	0	0	0	0	0	0	0	0	0	0	0	-0,279875545	0	0
rngo	0	0	0	0	0	0	0	0	0	0	0	0	0	-0,279630529	0	0
mu2	0	0	0	0	0	0	0	0	0	0	0	0	0	-0,278206254	0	0
cdi	0	0	0	0	0	0	0	0	0	0	0	0	0	-0,277221973	0	0
CG14322	0	0	0	0	0	0	0	0	0	0	0	0	0	-0,275679899	0	0
Fsn	0	0	0	0	0	0	0	0	0	0	0	0	0	-0,273044032	0	0
CG5445	0	0	0	0	0	0	0	0	0	0	0	0	0	-0,269811343	0	0
Ssrp	0	0	0	0	0	0	0	0	0	0	0	0	0	-0,266396081	0	0
heph	0	0	0	0	0	0	0	0	0	0	0	0	0	-0,265404496	0	0
RanBPM	0	0	0	0	0	0	0	0	0	0	0	0	0	-0,263100671	0	0
CG3368	0	0	0	0	0	0	0	0	0	0	0	0	0	-0,260331679	0	0
CASK	0	0	0	0	0	0	0	0	0	0	0	0	0	-0,258035368	0	0
jvl	0	0	0	0	0	0	0	0	0	0	0	0	0	-0,256568201	0	0
CG6695	0	0	0	0	0	0	0	0	0	0	0	0	0	-0,254446312	0	0
CG13917	0	0	0	0	0	0	0	0	0	0	0	0	0	-0,253616833	0	0
eRF3	0	0	0	0	0	0	0	0	0	0	0	0	0	-0,252682622	0	0
roq	0	0	0	0	0	0	0	0	0	0	0	0	0	-0,250097538	0	0
TTLL4A	0	0	0	0	0	0	0	0	0	0	0	0	0	-0,247110922	0	0
CG12237	0	0	0	0	0	0	0	0	0	0	0	0	0	-0,246941912	0	0
pelo	0	0	0	0	0	0	0	0	0	0	0	0	0	-0,246892787	0	0
pum	0	0	0	0	0	0	0	0	0	0	0	0	0	-0,243998413	0	0
AP-1-2beta	0	0	0	0	0	0	0	0	0	0	0	0	0	-0,241995049	0	0
ced-6	0	0	0	0	0	0	0	0	0	0	0	0	0	-0,239022952	0	0
psq	0	0	0	0	0	0	0	0	0	0	0	0	0	-0,236042679	0	0
MTA1-like	0	0	0	0	0	0	0	0	0	0	0	0	0	-0,231999184	0	0
CCT4	0	0	0	0	0	0	0	0	0	0	0	0	0	-0,231971334	0	0
Dp	0	0	0	0	0	0	0	0	0	0	0	0	0	-0,231657363	0	0
l(2)gl	0	0	0	0	0	0	0	0	0	0	0	0	0	-0,226870838	0	0
Uggt	0	0	0	0	0	0	0	0	0	0	0	0	0	-0,218897662	0	0
capt	0	0	0	0	0	0	0	0	0	0	0	0	0	-0,217868757	0	0
scny	0	0	0	0	0	0	0	0	0	0	0	0	0	-0,199171288	0	0
eIF3a	0	0	0	0	0	0	0	0	0	0	0	0	0	-0,191750402	0	0
GCS2beta	0	0	0	0	0	0	0	0	0	0	0	0	0	-0,183938683	0	0
mRpS29	0	0	0	0	0	0	0	0	0	0	0	0	0	0	10	0
cac	0	0	0	0	0	0	0	0	0	0	0	0	0	0	10	0
sm	0	0	0	0	0	0	0	0	0	0	0	0	0	0	3,93	0
CG14160	0	0	0	0	0	0	0	0	0	0	0	0	0	0	3,3	0
CPT2	0	0	0	0	0	0	0	0	0	0	0	0	0	0	2,93	0
cyst	0	0	0	0	0	0	0	0	0	0	0	0	0	0	2,84	0
Gr64a	0	0	0	0	0	0	0	0	0	0	0	0	0	0	2,56	0
CG4998	0	0	0	0	0	0	0	0	0	0	0	0	0	0	2,41	0
CCKLR-17D1	0	0	0	0	0	0	0	0	0	0	0	0	0	0	2,24	0
Ir100a	0	0	0	0	0	0	0	0	0	0	0	0	0	0	2,18	0
grau	0	0	0	0	0	0	0	0	0	0	0	0	0	0	2,17	0
Unc-76	0	0	0	0	0	0	0	0	0	0	0	0	0	0	1,75	0
CG31663	0	0	0	0	0	0	0	0	0	0	0	0	0	0	1,64	0
Npc2c	0	0	0	0	0	0	0	0	0	0	0	0	0	0	1,61	0
spel1	0	0	0	0	0	0	0	0	0	0	0	0	0	0	0,93	0
Ugt302C1	0	0	0	0	0	0	0	0	0	0	0	0	0	0	1,6	0
Cyp4d1	0	0	0	0	0	0	0	0	0	0	0	0	0	0	1,56	0
Cyp9f2	0	0	0	0	0	0	0	0	0	0	0	0	0	0	1,48	0
Hexo1	0	0	0	0	0	0	0	0	0	0	0	0	0	0	1,47	0
Su(var)205	0	0	0	0	0	0	0	0	0	0	0	0	0	0	1,47	0
CG31683	0	0	0	0	0	0	0	0	0	0	0	0	0	0	1,4	0
CG17477	0	0	0	0	0	0	0	0	0	0	0	0	0	0	1,38	0
chinmo	0	0	0	0	0	0	0	0	0	0	0	0	0	0	1,35	0
CG7968	0	0	0	0	0	0	0	0	0	0	0	0	0	0	1,25	0
CG6277	0	0	0	0	0	0	0	0	0	0	0	0	0	0	1,22	0
Cht8	0	0	0	0	0	0	0	0	0	0	0	0	0	0	1,19	0
crq	0	0	0	0	0	0	0	0	0	0	0	0	0	0	1,1	0
CG17636	0	0	0	0	0	0	0	0	0	0	0	0	0	0	1,09	0
ea	0	0	0	0	0	0	0	0	0	0	0	0	0	0	1,05	-1,23
Cdc42	0	0	0	0	0	0	0	0	0	0	0	0	0	0	1,02	-2,55
CG9150	0	0	0	0	0	0	0	0	0	0	0	0	0	0	1,01	0
HERC2	0	0	0	0	0	0	0	0	0	0	0	0	0	0	0,99	0
CG12056	0	0	0	0	0	0	0	0	0	0	0	0	0	0	0,97	0
CG8028	0	0	0	0	0	0	0	0	0	0	0	0	0	0	0,96	0
GNBP1	0	0	0	0	0	0	0	0	0	0	0	0	0	0	0,92	0
Cyp9b1	0	0	0	0	0	0	0	0	0	0	0	0	0	0	0,91	0
CG30158	0	0	0	0	0	0	0	0	0	0	0	0	0	0	0,9	0
CG31106	0	0	0	0	0	0	0	0	0	0	0	0	0	0	0,89	0
FRG1	0	0	0	0	0	0	0	0	0	0	0	0	0	0	0,83	0
CG4928	0	0	0	0	0	0	0	0	0	0	0	0	0	0	0,77	0
Pxt	0	0	0	0	0	0	0	0	0	0	0	0	0	0	0,77	0
Rh6	0	0	0	0	0	0	0	0	0	0	0	0	0	0	0	-1,08
CG15923	0	0	0	0	0	0	0	0	0	0	0	0	0	0	0	-4,16
Nep5	0	0	0	0	0	0	0	0	0	0	0	0	0	0	0	-4,16
IRSp53	0	0	0	0	0	0	0	0	0	0	0	0	0	0	0	-3,86
CG30471	0	0	0	0	0	0	0	0	0	0	0	0	0	0	0	-3,74
CG4572	0	0	0	0	0	0	0	0	0	0	0	0	0	0	0	-3,08
CG17776	0	0	0	0	0	0	0	0	0	0	0	0	0	0	0	-2,91
Cpr57A	0	0	0	0	0	0	0	0	0	0	0	0	0	0	0	-2,71
CG15744	0	0	0	0	0	0	0	0	0	0	0	0	0	0	0	-2,34
Spase12	0	0	0	0	0	0	0	0	0	0	0	0	0	0	0	-2,18
clt	0	0	0	0	0	0	0	0	0	0	0	0	0	0	0	-2,09
Galphaq	0	0	0	0	0	0	0	0	0	0	0	0	0	0	0	-2,07
CG43333	0	0	0	0	0	0	0	0	0	0	0	0	0	0	0	-2,06
CG7252	0	0	0	0	0	0	0	0	0	0	0	0	0	0	0	-1,73
Rh5	0	0	0	0	0	0	0	0	0	0	0	0	0	0	0	-1,57
Gbeta76C	0	0	0	0	0	0	0	0	0	0	0	0	0	0	0	-1,52
Rh3	0	0	0	0	0	0	0	0	0	0	0	0	0	0	0	-1,41
trpl	0	0	0	0	0	0	0	0	0	0	0	0	0	0	0	-1,28
Gnpnat	0	0	0	0	0	0	0	0	0	0	0	0	0	0	0	-1,23
CG17272	0	0	0	0	0	0	0	0	0	0	0	0	0	0	0	-1,19
Dyrk2	0	0	0	0	0	0	0	0	0	0	0	0	0	0	0	-0,95
CG9917	0	0	0	0	0	0	0	0	0	0	0	0	0	0	0	-1,03
CG2004	0	0	0	0	0	0	0	0	0	0	0	0	0	0	0	-1,02
