gene;Dm_f(L21);Dm_f_ovary(H19);Dp_f_abd(B19);Dp_f_head(B19);Dp_m_abd(B19);Dp_m_head(B19);Dm_f(D21);Af_f(C17)
CG13029;1;0;0;0;0;0;0;0
CG13947;1;0;0;0;0;0;0;0
CR43361;1;0;0;0;0;0;0;0
Lsp1beta;1;0;0;0;1;0;0;0
CG1971;1;0;0;0;0;0;0;0
CG14985;1;0;0;0;0;0;0;0
l(2)03659;1;0;0;0;0;0;0;0
tyn;1;0;0;0;0;0;0;0
lncRNA:CR42861;1;0;0;0;0;0;0;0
CG10725;1;0;0;0;0;0;0;0
LysE;1;0;0;0;0;0;0;0
nrm;1;0;0;0;0;0;1;0
spirit;1;0;0;0;0;0;0;0
Cyp4p2;1;0;0;0;0;0;0;0
l(2)41Ab;1;0;0;0;0;0;0;0
Oatp58Dc;1;0;0;0;0;0;0;0
GstD4;1;0;0;0;0;0;0;0
Rpt3R;1;0;0;0;0;0;0;0
CG10962;1;0;0;1;0;0;0;0
CG9170;1;0;0;0;0;0;0;0
tty;1;0;0;0;0;0;0;0
corolla;1;0;0;0;0;0;0;0
CG8858;1;0;0;0;0;0;0;0
CG43679;1;0;0;0;0;0;0;0
CG31997;1;0;0;0;0;0;1;0
Jon99Cii;1;0;0;0;0;0;0;0
CG12708;1;0;0;0;0;0;0;0
Pepck2;1;0;0;0;0;0;0;0
tsh;1;0;0;0;0;0;0;0
Cyp4p1;1;0;0;0;0;0;0;0
Ctl2;1;0;1;0;0;0;0;0
fiz;1;0;0;0;0;0;0;0
CG7102;1;0;0;0;0;0;0;0
CG1246;1;0;0;0;0;0;0;0
CG42674;1;0;0;0;0;0;0;0
CG1503;1;0;0;0;0;0;0;0
lncRNA:CR43837;1;0;0;0;0;0;0;0
CG15365;1;0;0;0;0;0;0;0
Ugt50B3;1;0;0;0;0;0;1;1
Apl;1;0;0;0;0;0;0;0
ZnT41F;1;0;0;0;0;0;0;0
Grip91;1;0;0;0;0;0;0;0
CG4842;1;0;0;0;0;0;0;0
CG3690;1;0;0;0;0;0;0;0
g;1;0;0;0;0;0;0;0
CG34195;1;0;0;0;0;0;0;0
mus101;1;0;0;0;0;0;0;0
Nna1;1;0;0;0;0;0;1;0
Sox102F;1;0;0;0;0;0;0;0
CG2993;1;0;0;0;0;0;0;0
sand;1;0;0;0;0;0;0;0
CG9941;1;0;0;0;0;0;0;0
Mal-B2;1;0;0;0;0;0;0;0
CG15865;1;0;0;0;0;0;0;0
CG7860;1;0;0;0;0;0;0;0
fuss;1;0;0;0;0;0;0;0
Cyp6a14;1;0;0;0;0;0;0;0
CG15784;1;0;0;0;0;0;0;0
CG31999;1;0;0;0;0;0;0;0
CG7882;1;0;0;0;0;0;0;0
dgo;1;0;0;0;0;0;0;0
CG11699;1;0;0;0;0;0;0;0
nolo;1;1;0;0;0;0;0;0
CG15628;1;0;0;0;1;0;0;0
CG7720;1;0;1;0;0;0;0;0
RhoU;1;0;0;0;0;0;0;0
FipoQ;1;0;0;0;0;0;1;0
CG14292;1;1;0;0;0;0;1;0
cib;1;0;1;0;0;0;0;0
spartin;1;0;0;0;0;0;0;0
CG9717;1;0;0;0;0;0;1;0
CG11134;1;0;0;0;0;0;0;0
CG6656;1;0;0;0;0;0;0;0
Mur18B;1;1;0;0;1;0;0;0
CG11151;1;0;0;0;0;0;0;0
Gprk2;1;0;0;0;0;0;0;0
PIG-A;1;0;0;0;0;0;0;0
nxf2;1;0;0;0;0;0;0;0
Ance-5;1;0;0;1;0;1;0;1
CG8097;1;0;1;0;0;0;0;0
GstE8;1;0;0;0;0;0;0;0
modSP;1;0;0;0;0;0;0;0
CG11241;1;0;0;0;0;0;0;0
CG31262;1;0;0;0;0;0;0;0
ana2;1;0;0;0;0;0;0;0
CG5316;1;0;0;0;0;0;0;0
CG30382;1;0;0;0;0;0;0;0
mthl5;1;0;0;0;0;0;0;0
Ire1;1;0;0;0;0;0;0;0
Cul6;1;0;0;0;0;0;0;0
vari;1;0;0;0;0;0;0;0
CG31075;1;0;0;0;0;1;0;0
CG6293;1;0;0;0;0;0;0;0
None;0;0;0;0;0;0;0;0
phr;1;0;0;0;0;0;0;0
Fhos;1;0;0;0;0;0;0;0
Vps39;1;0;0;0;0;0;0;0
CG32486;1;0;0;0;0;0;0;0
Lpin;1;0;0;0;0;0;0;0
rec;1;0;0;0;0;0;0;0
Nepl3;1;0;0;0;0;0;0;0
CG5613;1;0;0;0;0;0;0;0
Keap1;1;0;0;0;0;0;0;0
Akr1B;1;0;0;1;0;1;0;0
CG7110;1;0;0;0;0;0;0;0
Lrch;1;0;0;0;0;0;0;0
RpII140;1;0;0;0;0;0;0;0
Mvl;1;0;0;0;0;0;0;0
CG5194;1;0;0;0;0;0;0;0
CG32638;1;0;0;0;0;0;0;0
Npl4;1;0;1;0;0;0;0;0
kcc;1;0;0;0;0;0;0;0
CG9795;1;0;0;0;0;0;0;0
GlcAT-S;1;0;0;0;0;0;0;0
Acph-1;1;0;0;0;0;0;0;0
PhKgamma;1;0;0;0;0;0;0;0
mus301;1;0;0;0;0;0;0;0
CG11357;1;0;0;0;0;0;0;0
Pih1D1;1;0;0;0;0;0;0;0
Mpc1;1;0;0;0;0;0;0;0
Acox57D-p;1;0;0;0;0;0;0;0
CG8671;1;0;0;0;0;0;0;0
LPCAT;1;0;0;0;0;0;0;0
CG4570;1;0;0;0;0;0;0;0
narya;1;0;0;0;0;0;0;0
Map205;1;0;0;0;0;0;0;0
CR43309;1;0;0;0;0;0;0;0
CG7900;1;0;1;0;0;0;0;0
asRNA:CR45600;1;0;0;0;0;0;0;0
CG7542;1;0;0;0;0;0;0;0
Oseg5;1;0;0;0;0;0;0;0
lncRNA:CR43960;1;0;0;0;0;0;0;0
CG17470;1;0;0;0;0;0;0;0
CG12592;1;0;0;0;0;0;0;0
CG33926;1;0;0;0;0;0;0;0
Oatp58Db;1;0;0;0;0;0;0;0
Drsl4;1;0;0;0;0;0;0;0
mtt;1;0;0;0;0;0;0;0
CG8027;1;0;0;0;0;0;0;0
phr6-4;1;0;0;0;0;0;0;0
GILT3;1;0;0;0;0;0;0;0
rst;1;0;0;0;0;0;0;0
Vha100-4;1;0;0;0;0;0;0;0
Ugt36E1;1;1;0;0;0;0;0;0
kirre;1;0;0;0;0;0;0;0
UGP;1;0;0;0;1;1;0;0
CG5767;1;0;0;0;0;0;0;0
Ten-a;1;0;0;0;0;0;1;0
CG1946;1;0;0;0;0;0;0;0
antdh;1;0;0;0;0;0;0;0
Sclp;1;0;0;0;0;0;0;0
Odc1;1;0;0;0;0;1;0;0
sosie;1;0;0;0;0;0;0;0
Fancm;1;0;0;0;0;0;0;0
CG32834;1;0;0;0;0;0;1;0
CG43255;1;0;0;0;0;0;0;0
CG4363;1;0;0;0;0;0;0;0
CG12112;1;0;0;0;0;0;0;0
rhi;1;0;0;0;0;0;0;0
Pde6;1;0;0;0;0;0;0;0
whe;1;0;0;0;0;0;0;0
Hsp23;1;0;0;0;0;0;0;0
MtnA;1;0;0;0;0;0;0;0
CR14033;1;1;0;0;0;0;0;0
CG1941;1;0;0;0;0;0;0;0
CG4733;1;0;0;0;0;0;0;0
Oseg4;1;0;0;0;0;0;0;0
CG10550;1;0;0;0;0;0;1;0
DNaseII;1;0;0;0;0;0;0;0
CG34330;1;0;0;0;0;0;0;0
GstD1;1;0;0;0;0;0;0;0
CG32243;1;0;0;0;0;0;0;0
Ady43A;1;0;0;0;0;0;0;0
CG4860;1;0;0;0;0;0;0;0
qtc;1;0;0;0;0;0;0;0
kermit;1;0;0;0;0;0;0;0
CG17186;1;0;0;0;0;0;0;0
CG8229;1;0;0;0;0;0;0;0
CG1827;1;0;0;0;1;0;0;0
CG11852;1;0;0;0;0;0;1;0
CG9344;1;0;0;0;0;0;0;0
c(3)G;1;0;1;0;0;0;0;0
CG14102;1;0;0;0;0;0;0;0
GstZ1;1;0;0;0;0;0;0;0
RpS5b;1;0;0;0;0;0;0;0
IntS12;1;0;0;0;0;0;0;0
CG10654;1;0;0;0;0;0;0;0
Hsp26;1;0;1;0;1;0;0;0
lncRNA:CR31044;1;0;0;0;0;0;0;0
CG10623;1;0;1;0;0;0;0;0
RpS9;1;0;0;1;0;0;0;0
CG12075;1;0;0;0;0;0;0;0
mRpL37;1;0;0;0;0;0;0;0
kar;1;0;0;0;0;0;0;0
CG12338;1;0;0;0;0;0;0;0
CG7565;1;0;0;0;0;0;0;0
CG10344;1;0;0;0;0;0;0;0
Art8;1;0;0;0;0;0;0;0
CG1360;1;0;0;0;0;0;0;0
CG2200;1;0;0;0;0;0;0;0
ntc;1;0;0;0;0;0;0;0
Nha1;1;0;0;0;0;0;0;0
lncRNA:CR32027;1;0;0;0;0;0;0;0
CG4820;1;0;0;0;0;0;0;0
Urod;1;0;0;0;0;0;0;0
CG13667;1;0;0;0;0;0;0;0
mldr;1;0;0;0;0;0;0;0
CG3732;1;0;0;0;0;0;0;0
Nxf3;1;0;0;0;0;0;0;0
Hrb27C;1;0;0;0;0;0;0;0
Smyd5;1;0;0;0;0;0;0;0
Dhpr;1;0;0;0;0;0;0;0
CG31038;1;0;0;0;0;0;0;0
Fdx2;1;0;0;0;0;0;0;0
CG12321;1;0;0;0;0;0;0;0
Rai1;1;0;0;0;0;0;0;0
RpLP0;1;0;0;0;0;0;0;0
TyrRS-m;1;0;0;0;0;0;0;0
Ip259;1;0;0;0;0;0;0;0
mEFTu2;1;0;0;0;0;0;0;0
CG5989;1;0;0;0;0;0;0;0
alpha-Est1;1;0;0;0;0;0;0;0
Jheh2;1;0;0;0;1;0;0;0
scramb1;1;0;0;0;0;0;0;0
Reg-5;1;0;0;0;0;0;0;0
Sas10;1;0;0;0;0;0;0;0
l(1)G0320;1;0;0;0;0;0;0;0
SerRS-m;1;0;0;0;0;0;0;0
rswl;1;0;0;0;0;0;0;0
Tsp66E;1;0;0;0;0;0;0;0
CG15812;1;0;0;0;0;0;0;0
AsnRS;1;0;0;0;0;0;0;0
CG6937;1;0;0;0;0;0;1;0
AdSL;1;0;0;0;0;0;0;0
r-l;1;0;0;0;0;0;0;0
CG2972;1;0;0;0;0;0;0;0
CG14805;1;0;0;0;0;0;0;0
RpL22-like;0;1;0;0;0;0;0;0
asRNA:CR43614;0;1;0;0;0;0;0;0
uif;0;1;1;0;0;0;1;0
SkpC;0;1;0;0;0;0;0;0
dany;0;1;0;0;0;0;0;0
TotA;0;1;0;0;0;0;0;0
lncRNA:CR44357;0;1;0;0;0;0;1;0
CG13101;0;1;0;0;0;0;0;0
CG42857;0;1;0;0;0;0;0;0
CG13375;0;1;0;0;0;0;0;0
CG15408;0;1;0;0;0;0;0;0
CG14245;0;1;0;0;0;0;0;0
CG6602;0;1;0;0;1;0;0;0
CG17752;0;1;0;0;0;0;0;0
tut;0;1;0;0;0;0;0;0
Mco1;0;1;0;1;0;0;0;0
CG15279;0;1;0;0;0;0;0;0
CG42235;0;1;0;0;0;0;0;0
CG14346;0;1;0;0;0;0;0;0
CG3270;0;1;0;0;0;1;0;0
Nox;0;1;0;0;0;0;0;0
wtrw;0;1;0;0;0;0;0;0
otk2;0;1;0;0;0;0;0;0
lncRNA:CR43250;0;1;0;0;0;0;0;0
jigr1;0;1;0;0;0;0;0;0
Ilp8;0;1;1;0;0;0;0;0
CG17691;0;1;0;0;0;0;0;0
CG10237;0;1;0;0;0;0;0;0
Cpr76Bd;0;1;0;0;0;0;0;0
CG18258;0;1;0;0;0;0;1;0
nompC;0;1;0;0;0;0;0;0
Cyp6a13;0;1;0;0;0;0;0;0
lncRNA:CR44285;0;1;0;0;0;0;0;0
CG40298;0;1;0;0;0;0;0;0
Lime;0;1;0;0;0;0;0;0
CG5111;0;1;0;0;0;0;0;0
CG34445;0;1;0;0;0;0;0;0
Obp44a;0;1;0;0;0;0;0;0
TpnC73F;0;1;1;0;0;0;0;0
Scp1;0;1;0;0;0;0;1;0
Mlc2;0;1;1;0;1;0;0;0
CG1544;0;1;0;1;0;0;0;0
Neurochondrin;0;1;1;0;0;0;1;0
lncRNA:CR44263;0;1;0;0;0;0;0;0
CG3831;0;1;0;0;0;0;0;0
DptB;0;0;1;1;0;0;0;0
AttC;0;0;1;0;0;0;0;0
edin;0;0;1;0;0;0;0;0
AttD;0;0;1;1;0;0;0;0
fln;0;0;1;0;1;0;0;0
Lmpt;0;0;1;0;1;0;0;0
TpnC4;0;0;1;0;1;0;0;0
CG43897;0;0;1;0;1;0;1;0
CG18420;0;0;1;1;0;0;0;1
Zasp67;0;0;1;0;1;0;0;0
Strn-Mlck;0;0;1;0;1;0;1;0
bt;0;0;1;0;1;0;1;0
up;0;0;1;0;1;0;0;0
Unc-89;0;0;1;0;1;0;1;0
CG11854;0;0;1;0;0;0;0;0
Zasp52;0;0;1;0;1;0;1;0
frac;0;0;1;0;0;0;1;0
CG5687;0;0;1;0;0;0;1;0
FarO;0;0;1;0;0;0;0;0
GstS1;0;0;1;0;0;0;0;0
Mpcp1;0;0;1;0;1;0;0;0
CG4017;0;0;1;0;0;0;0;0
pirk;0;0;1;0;0;0;0;0
CG8888;0;0;1;0;0;0;0;0
CG18304;0;0;1;0;1;0;0;0
eEF1alpha2;0;0;1;0;1;0;0;0
l(2)01289;0;0;1;0;1;0;0;0
CG31140;0;0;1;0;0;0;0;0
CG32333;0;0;1;0;1;0;0;0
Uro;0;0;1;0;0;0;0;0
LUBEL;0;0;1;0;1;0;1;0
Mhc;0;0;1;0;1;0;0;0
Ance-3;0;0;1;0;0;0;0;0
CG15617;0;0;1;0;1;0;0;0
Nckx30C;0;0;1;0;0;0;0;0
Pkcdelta;0;0;1;0;0;0;1;0
CG1136;0;0;1;0;0;0;1;0
CG9400;0;0;1;0;0;0;0;0
CG15043;0;0;1;0;0;0;0;0
RyR;0;0;1;0;0;0;1;0
Gpo1;0;0;1;0;1;0;1;0
CG13311;0;0;1;0;0;0;0;0
clumsy;0;0;1;0;1;0;1;0
CG9812;0;0;1;0;0;0;1;0
CG1674;0;0;1;0;1;0;1;0
CG32521;0;0;1;0;0;0;0;0
CG34462;0;0;1;0;0;0;0;0
yellow-b;0;0;1;0;0;0;0;0
ds;0;0;1;0;0;0;0;0
Hsc70-1;0;0;1;0;1;0;1;0
Octalpha2R;0;0;1;0;0;0;0;0
brp;0;0;1;0;0;0;0;0
sals;0;0;1;0;0;0;1;0
Shaw;0;0;1;0;0;0;0;0
Mlp60A;0;0;1;0;1;0;1;0
CG10505;0;0;1;0;0;0;0;0
Alk;0;0;1;0;0;0;0;0
p38c;0;0;1;0;0;0;0;0
ko;0;0;1;0;0;0;0;0
Msp300;0;0;1;0;1;0;0;0
Actn;0;0;1;0;1;0;0;0
Doa;0;0;1;0;1;0;0;0
Mlc1;0;0;1;0;1;0;0;0
NfI;0;0;1;0;0;0;0;0
CG11835;0;0;1;0;1;0;0;0
Lrp4;0;0;1;0;0;0;0;0
CG42700;0;0;1;0;0;0;0;0
bnb;0;0;1;0;0;0;0;0
CanA1;0;0;1;0;0;0;0;0
CG18067;0;0;1;0;0;0;0;0
SmydA-1;0;0;1;0;0;0;0;0
Fuca;0;0;1;0;0;0;0;0
CG14964;0;0;1;0;0;0;0;0
jbug;0;0;1;0;0;0;0;0
e;0;0;1;0;0;0;0;0
CG10359;0;0;1;0;0;0;0;0
if;0;0;1;0;0;0;0;0
CG45263;0;0;1;0;0;0;0;0
CG9372;0;0;1;0;0;0;0;0
Prm;0;0;1;0;1;0;0;0
CG7194;0;0;1;0;0;0;0;0
tn;0;0;1;0;1;0;1;0
CG42390;0;0;1;0;1;0;0;0
CG14949;0;0;1;0;0;0;0;0
CG44245;0;0;1;0;0;0;1;0
CG10211;0;0;1;0;0;0;0;0
Nplp3;0;0;1;0;0;0;0;0
CG5397;0;0;1;0;0;1;0;0
SmydA-9;0;0;1;0;0;0;1;0
bond;0;0;1;0;0;0;0;0
wupA;0;0;1;0;1;0;0;0
Grip;0;0;1;0;0;0;0;0
Tm2;0;0;1;0;1;0;0;0
Cbp53E;0;0;1;0;0;0;0;0
CG43078;0;0;1;0;1;0;0;0
CG4000;0;0;1;0;1;0;0;0
CG5028;0;0;1;0;1;0;0;0
cona;0;0;1;0;0;0;0;0
tnc;0;0;1;0;0;0;0;0
AdamTS-B;0;0;1;0;0;0;0;0
Sarm;0;0;1;0;0;0;0;0
Tsf3;0;0;1;0;0;0;0;0
rgn;0;0;1;0;1;0;0;0
Pxn;0;0;1;0;0;0;1;0
form3;0;0;1;0;0;0;0;0
CG5758;0;0;1;0;0;0;0;0
CG31821;0;0;1;0;0;0;0;0
Unc-115b;0;0;1;0;0;0;0;0
CG5177;0;0;1;0;0;0;1;0
eya;0;0;1;0;0;0;0;0
epsilonTry;0;0;1;0;1;0;0;0
CG9416;0;0;1;0;0;0;0;0
Ca-Ma2d;0;0;1;0;1;0;0;0
CG33521;0;0;1;0;1;0;1;0
CHKov2;0;0;1;0;0;0;0;0
Zasp66;0;0;1;0;0;0;1;0
NAAT1;0;0;1;0;0;0;0;0
Sema2b;0;0;1;0;0;0;0;0
Gs2;0;0;1;0;0;0;1;0
Pif1B;0;0;1;0;0;0;0;0
CG7888;0;0;1;0;0;0;0;0
Gasp;0;0;1;0;1;0;0;0
CG10737;0;0;1;0;0;0;1;0
CG44098;0;0;1;0;0;0;0;0
CG8740;0;0;1;0;1;0;0;0
Obp56d;0;0;1;0;1;1;1;0
CG13506;0;0;1;0;1;0;1;0
chas;0;0;1;0;0;0;0;0
Pif1A;0;0;1;0;0;0;0;0
SP1029;0;0;1;0;0;0;0;0
Mf;0;0;1;0;0;0;1;0
Ald1;0;0;1;0;1;0;0;0
Cda5;0;0;1;0;1;0;0;0
CG17111;0;0;1;0;0;0;1;0
CG12814;0;0;1;0;0;0;1;0
EbpIII;0;0;1;1;1;1;1;0
Esyt2;0;0;1;0;0;0;0;0
CG3630;0;0;1;0;1;0;1;0
Tep4;0;0;1;0;0;0;0;0
kdn;0;0;1;0;1;0;0;0
Unc-115a;0;0;1;0;0;0;1;0
CG17839;0;0;1;0;0;0;0;0
Idgf4;0;0;1;0;0;0;0;0
CAP;0;0;1;0;0;0;0;0
Ppn;0;0;1;0;0;0;0;0
CG18596;0;0;1;0;0;0;0;0
axo;0;0;1;0;0;0;0;0
Acp1;0;0;1;0;0;0;0;0
Mipp1;0;0;1;0;0;0;0;0
Gyg;0;0;1;0;1;0;0;0
Tep3;0;0;1;0;0;0;1;0
Tig;0;0;1;0;0;0;0;0
Cpr62Bb;0;0;1;0;0;0;1;0
CG17732;0;0;1;0;0;0;0;0
Idh3b;0;0;1;0;0;0;0;0
Mlp84B;0;0;1;0;0;0;1;0
CG45076;0;0;1;0;0;0;1;0
SP1173;0;0;1;0;0;0;1;0
CG1143;0;0;1;0;0;0;0;0
Fili;0;0;1;0;0;0;0;0
Jon65Aiv;0;0;1;0;0;0;0;0
CG11073;0;0;1;0;0;0;1;0
CG16791;0;0;1;0;0;0;0;0
Idh3a;0;0;1;0;1;0;0;0
CG5945;0;0;1;0;0;1;1;0
Mhcl;0;0;1;0;1;0;0;0
Cpr67B;0;0;1;0;0;0;1;0
Msr-110;0;0;1;0;0;0;0;0
atilla;0;0;1;0;0;0;1;0
mgl;0;0;1;0;0;0;0;0
RFeSP;0;0;1;0;0;0;0;0
mAcon1;0;0;1;0;0;0;0;0
CG14207;0;0;1;0;0;0;0;0
shot;0;0;1;0;1;0;0;0
CenG1A;0;0;1;0;0;0;0;0
LanB2;0;0;1;0;0;0;0;0
vkg;0;0;1;0;0;0;0;0
Cyt-c1;0;0;1;0;1;0;0;0
LanA;0;0;1;0;0;0;0;0
Col4a1;0;0;1;0;0;0;0;0
Fer2LCH;0;0;1;0;0;0;0;0
Pdha;0;0;1;0;0;0;0;0
fry;0;0;1;0;0;0;0;0
CG11147;0;0;1;0;0;0;0;0
Jon66Cii;0;0;1;0;0;0;0;0
tobi;0;0;1;0;1;0;0;0
CG3739;0;0;1;0;1;0;0;0
LManVI;0;0;1;0;0;0;0;0
CG8093;0;0;1;0;0;0;0;0
LManIII;0;0;1;0;0;0;0;0
DNApol-alpha73;0;0;1;0;0;0;0;0
Jon99Ci;0;0;1;1;0;0;0;0
Alp8;0;0;1;0;1;0;0;0
dhd;0;0;1;0;0;0;0;0
CG14931;0;0;1;0;0;0;0;0
mtrm;0;0;1;0;0;0;0;0
CG4949;0;0;1;0;0;0;0;0
CG17658;0;0;1;0;0;0;0;0
CCHa2;0;0;1;0;0;1;0;0
twe;0;0;1;0;0;0;0;0
swa;0;0;1;0;0;0;0;0
fzy;0;0;1;0;0;0;0;0
e(y)2b;0;0;1;0;0;0;0;0
Elba2;0;0;1;0;0;0;0;0
exu;0;0;1;0;0;0;0;0
CG6752;0;0;1;0;0;0;0;0
dgt5;0;0;1;0;0;0;0;0
nos;0;0;1;0;0;0;0;0
Bace;0;0;1;0;0;0;0;0
stai;0;0;1;0;0;0;0;0
Tfb4;0;0;1;0;0;0;0;0
CycB3;0;0;1;0;0;0;0;0
slam;0;0;1;0;0;0;0;0
CG2990;0;0;1;0;0;0;0;0
rpk;0;0;1;0;0;0;0;0
dup;0;0;1;0;0;0;0;0
WRNexo;0;0;1;0;0;0;0;0
cort;0;0;1;0;0;0;0;0
Dlip3;0;0;1;0;0;0;0;0
CG16926;0;0;1;1;1;0;0;0
Tre1;0;0;1;0;0;0;0;0
alphaTub67C;0;0;1;0;0;0;0;0
CG4991;0;0;1;0;0;0;0;0
CG18213;0;0;1;0;0;0;0;0
CG6479;0;0;1;0;0;0;0;0
Ripalpha;0;0;1;0;0;0;0;0
Jabba;0;0;1;0;0;1;0;0
dgt3;0;0;1;0;0;0;0;0
Mcm10;0;0;1;0;0;0;0;0
CG6927;0;0;1;0;0;0;0;0
Psf3;0;0;1;0;0;0;0;0
tos;0;0;1;0;0;0;0;0
png;0;0;1;0;0;0;0;0
BicC;0;0;1;0;0;0;0;0
CG7730;0;0;1;0;0;0;0;0
CG7156;0;0;1;0;0;0;0;0
Pen;0;0;1;0;0;0;0;0
spt4;0;0;1;0;0;0;0;0
fs(1)Ya;0;0;1;0;0;0;0;0
gcl;0;0;1;0;0;0;0;0
Alp5;0;0;1;0;0;0;0;0
Cdc45;0;0;1;0;0;0;0;0
CG4476;0;0;1;0;0;0;0;0
spd-2;0;0;1;0;0;0;0;0
Plzf;0;0;1;0;0;0;0;0
CG18190;0;0;1;0;0;0;0;0
fz;0;0;1;0;0;0;1;0
CG6693;0;0;1;0;0;0;0;0
tor;0;0;1;0;0;0;0;0
T48;0;0;1;0;0;0;0;0
yin;0;0;1;0;0;0;0;0
CBP;0;0;1;0;0;0;0;0
RPA2;0;0;1;0;0;0;0;0
CG32579;0;0;1;0;0;0;0;0
CG44774;0;0;1;0;0;0;0;0
mnd;0;0;1;0;0;0;0;0
dnk;0;0;1;0;0;0;0;0
rost;0;0;1;1;0;1;0;0
BigH1;0;0;1;0;0;0;0;0
pigeon;0;0;1;0;0;0;0;0
CG13025;0;0;1;0;0;0;0;0
Mos;0;0;1;0;0;0;0;0
CG8180;0;0;1;0;0;0;0;0
cad;0;0;1;0;0;0;1;0
gus;0;0;1;0;0;0;0;0
dmpd;0;0;1;0;0;0;0;0
CG5757;0;0;1;0;0;0;0;0
pbl;0;0;1;0;0;0;0;0
CG12795;0;0;1;0;0;0;0;0
heix;0;0;1;0;0;0;0;0
Npc2a;0;0;1;0;0;0;1;0
Hr38;0;0;1;0;0;0;0;0
CG2224;0;0;1;0;0;0;0;0
Mapmodulin;0;0;1;0;0;1;0;0
Hat1;0;0;1;0;0;0;0;0
CG13339;0;0;1;0;0;0;0;0
pie;0;0;1;0;0;0;0;0
aPKC;0;0;1;0;0;0;0;0
PIG-F;0;0;1;0;0;0;0;0
CG10621;0;0;1;0;0;0;0;0
RnrS;0;0;1;0;0;0;0;0
CG8569;0;0;1;0;0;0;0;0
Xpc;0;0;1;0;0;0;0;0
EndoB;0;0;1;0;0;0;0;0
Fs(2)Ket;0;0;1;0;0;0;0;0
lok;0;0;1;0;0;0;0;0
CG8155;0;0;1;0;0;0;0;0
polo;0;0;1;0;0;0;0;0
Grip84;0;0;1;0;0;0;0;0
Atg13;0;0;1;0;0;0;0;0
yl;0;0;1;0;0;0;1;0
CG2889;0;0;1;0;0;0;0;0
egg;0;0;1;0;0;0;0;0
Men;0;0;1;0;0;0;0;0
CG13398;0;0;1;0;0;0;0;0
Sac1;0;0;1;0;0;0;0;0
ova;0;0;1;0;0;0;0;0
Prip;0;0;1;0;0;0;0;0
CG8507;0;0;1;0;0;0;0;0
Mer;0;0;1;0;0;0;0;0
Usp30;0;0;1;0;0;0;0;0
CG1943;0;0;1;0;0;0;0;0
hop;0;0;1;0;0;0;0;0
ssh;0;0;1;0;0;0;0;0
l(1)G0289;0;0;0;1;0;0;0;0
CG11449;0;0;0;1;0;0;0;0
CG16820;0;0;0;1;0;1;0;0
CG11438;0;0;0;1;0;0;0;0
gol;0;0;0;1;0;0;0;0
prom;0;0;0;1;0;0;0;0
eys;0;0;0;1;0;0;0;0
chp;0;0;0;1;0;0;0;0
ninaG;0;0;0;1;0;0;0;0
norpA;0;0;0;1;0;0;0;0
PIP82;0;0;0;1;0;0;0;0
boss;0;0;0;1;0;0;0;0
Slob;0;0;0;1;0;0;0;0
Fbxl4;0;0;0;1;0;0;0;0
ninaC;0;0;0;1;0;0;0;0
CG5966;0;0;0;1;0;0;0;0
CG12560;0;0;0;1;0;1;0;0
CG14630;0;0;0;1;0;0;0;0
SPH93;0;0;0;1;0;1;0;0
CG5390;0;0;0;1;1;1;0;0
CG16965;0;0;0;1;0;0;0;0
Nmdmc;0;0;0;1;0;0;0;0
Pepck1;0;0;0;1;0;0;0;0
Fmo-2;0;0;0;1;0;1;0;0
pug;0;0;0;1;0;1;0;0
Shmt;0;0;0;1;1;1;0;0
Gal;0;0;0;1;0;0;0;0
CG32687;0;0;0;1;1;1;0;0
CG17571;0;0;0;1;0;0;0;0
Cyp309a2;0;0;0;1;0;1;0;0
CG18003;0;0;0;1;1;1;0;0
UK114;0;0;0;1;1;1;0;0
Tsp42Ec;0;0;0;1;0;0;0;0
CG1213;0;0;0;1;0;0;0;0
asp;0;0;0;1;0;0;0;0
Ugt35C1;0;0;0;1;0;1;0;0
SecCl;0;0;0;1;0;0;1;0
Letm1;0;0;0;1;0;0;0;0
Ugt303A1;0;0;0;1;0;0;0;0
CG30280;0;0;0;1;0;0;0;0
CG8708;0;0;0;1;0;0;0;0
GNBP-like3;0;0;0;1;0;1;0;0
CG42249;0;0;0;1;0;0;0;0
Inx7;0;0;0;1;0;0;0;0
Sardh;0;0;0;1;0;1;0;0
Spat;0;0;0;1;0;1;0;0
CG14787;0;0;0;1;0;0;0;0
LManII;0;0;0;1;0;1;0;0
Cyp6t1;0;0;0;1;0;0;0;0
Cyt-b5-r;0;0;0;1;0;1;0;0
Cyp4p3;0;0;0;1;1;1;0;0
Aldh;0;0;0;1;0;1;0;0
Cyp6d5;0;0;0;1;1;1;0;0
CG30281;0;0;0;1;0;0;0;0
Paics;0;0;0;1;0;1;0;0
Fbp1;0;0;0;1;1;0;0;0
Fatp3;0;0;0;1;0;0;0;0
CG8654;0;0;0;1;0;0;1;0
CG4607;0;0;0;1;0;1;0;0
Npc2f;0;0;0;1;1;0;0;0
CG5707;0;0;0;1;0;0;1;0
CG5819;0;0;0;1;0;0;0;0
CG6034;0;0;0;1;1;1;0;0
CG16758;0;0;0;1;0;0;0;0
Hex-C;0;0;0;1;1;1;0;0
Cyp12d1-p;0;0;0;1;0;0;0;0
ACC;0;0;0;1;0;1;0;0
ppl;0;0;0;1;0;1;0;0
Obp56a;0;0;0;1;0;1;0;0
Srr;0;0;0;1;0;0;0;0
CG10863;0;0;0;1;0;1;0;0
Nep6;0;0;0;1;1;1;0;0
CG4716;0;0;0;1;1;1;0;0
CG17597;0;0;0;1;0;0;0;0
Mtp;0;0;0;1;0;1;0;0
cmet;0;0;0;1;0;0;0;0
Cyp6g1;0;0;0;1;0;1;0;0
CG5849;0;0;0;1;0;0;0;0
CG6484;0;0;0;1;1;1;0;0
Est-6;0;0;0;1;0;1;0;0
His2B:CG33910;0;0;0;1;0;0;0;0
glob1;0;0;0;1;0;1;0;0
Pfas;0;0;0;1;0;0;0;0
scu;0;0;0;1;0;0;0;0
CG14823;0;0;0;1;1;0;0;0
CG2811;0;0;0;1;0;1;0;0
Galt;0;0;0;1;0;0;0;0
Echs1;0;0;0;1;0;0;0;0
CG11893;0;0;0;1;0;0;0;0
CG7966;0;0;0;1;1;0;0;0
CG5493;0;0;0;1;0;1;0;0
Gk2;0;0;0;1;0;0;0;0
CG7227;0;0;0;1;0;1;0;0
CG11089;0;0;0;1;0;0;0;0
CG3902;0;0;0;1;0;0;0;0
Nepl17;0;0;0;1;0;0;0;0
Prat2;0;0;0;1;0;0;0;0
P5cr-2;0;0;0;1;0;0;0;0
AcCoAS;0;0;0;1;1;1;0;0
RpL27;0;0;0;1;0;0;0;0
RpL36;0;0;0;1;0;0;0;0
Pdh;0;0;0;1;0;1;0;0
RpL26;0;0;0;1;0;0;0;0
Mthfs;0;0;0;1;0;1;0;0
D2hgdh;0;0;0;1;0;0;1;0
yellow-f2;0;0;0;1;1;1;0;0
Ahcy;0;0;0;1;0;1;0;0
CG7470;0;0;0;1;0;1;0;0
Ugt36A1;0;0;0;1;0;1;0;0
RpS27;0;0;0;1;0;1;0;0
aay;0;0;0;1;0;0;0;0
Glt;0;0;0;1;0;1;0;0
yip2;0;0;0;1;0;0;0;0
Cyp12a4;0;0;0;1;0;0;0;0
mino;0;0;0;1;1;1;0;0
Mcad;0;0;0;1;0;0;0;0
sea;0;0;0;1;0;0;0;0
CG11594;0;0;0;1;0;1;0;0
RpL31;0;0;0;1;0;0;0;0
CG7834;0;0;0;1;0;1;0;0
MP1;0;0;0;1;0;1;0;0
eEF1alpha1;0;0;0;1;0;1;0;0
CG5171;0;0;0;1;1;1;1;0
RpL34b;0;0;0;1;0;0;0;0
Tctp;0;0;0;1;0;0;0;0
RpL21;0;0;0;1;0;0;0;0
eEF1gamma;0;0;0;1;0;0;0;0
sta;0;0;0;1;0;0;0;0
RpL5;0;0;0;1;0;0;0;0
CG18135;0;0;0;1;0;1;0;0
FASN1;0;0;0;1;1;1;0;0
Irc;0;0;0;1;0;1;0;0
CG5126;0;0;0;1;0;0;0;0
Tps1;0;0;0;1;0;0;0;0
CG10932;0;0;0;1;0;0;0;0
CG44243;0;0;0;1;0;0;0;0
Idgf6;0;0;0;1;1;1;0;0
RpS4;0;0;0;1;0;1;0;0
fat-spondin;0;0;0;1;0;1;0;0
AOX1;0;0;0;1;0;1;0;0
RpS5a;0;0;0;1;0;0;0;0
Kyat;0;0;0;1;1;0;0;0
CG40191;0;0;0;1;0;0;0;0
bgm;0;0;0;1;1;1;0;0
RpS20;0;0;0;1;0;0;0;0
PCB;0;0;0;1;0;1;0;0
Nurf-38;0;0;0;1;0;1;0;0
fon;0;0;0;1;0;1;0;0
CG1354;0;0;0;1;0;0;0;0
Apoltp;0;0;0;1;0;1;0;0
ScpX;0;0;0;1;0;1;0;0
spn-E;0;0;0;1;0;0;0;0
wal;0;0;0;1;0;0;0;0
RpL13A;0;0;0;1;0;0;0;0
RpL19;0;0;0;1;0;0;0;0
Indy;0;0;0;1;0;0;0;0
RpL17;0;0;0;1;0;0;0;0
RpS15;0;0;0;1;0;0;0;0
RpS19a;0;0;0;1;0;0;0;0
CG15096;0;0;0;1;0;0;0;0
CG1927;0;0;0;1;0;0;0;0
Obp99c;0;0;0;1;0;1;0;0
Nap1;0;0;0;1;0;0;0;0
RpL23;0;0;0;1;0;0;0;0
RpS27A;0;0;0;1;0;0;0;0
Fkbp12;0;0;0;1;1;1;0;0
Spn43Ab;0;0;0;1;1;1;0;0
Acer;0;0;0;1;0;1;0;0
Rel;0;0;0;1;0;0;0;0
RpL28;0;0;0;1;0;0;0;0
whd;0;0;0;1;0;1;0;0
eEF5;0;0;0;1;0;0;0;0
RpL15;0;0;0;1;0;0;0;0
RpS23;0;0;0;1;0;0;0;0
eas;0;0;0;1;0;0;0;0
Gel;0;0;0;1;0;1;0;0
RpL3;0;0;0;1;0;0;0;0
Rack1;0;0;0;1;0;0;0;0
Mdh1;0;0;0;1;1;1;0;0
Cyt-b5;0;0;0;1;0;1;0;0
eEF2;0;0;0;1;0;0;0;0
RpS6;0;0;0;1;0;0;0;0
RpL14;0;0;0;1;0;0;0;0
RpS3A;0;0;0;1;0;0;0;0
Cyp4e3;0;0;0;0;1;0;0;0
LysD;0;0;0;0;1;0;0;0
CG34458;0;0;0;0;1;0;0;0
Syt1;0;0;0;0;1;0;0;0
Npc2e;0;0;0;0;1;0;0;0
CG14340;0;0;0;0;1;0;0;0
CG16826;0;0;0;0;1;0;0;0
Grik;0;0;0;0;1;0;0;0
CheA75a;0;0;0;0;1;0;0;0
Ag5r;0;0;0;0;1;0;0;0
Nazo;0;0;0;0;1;0;0;0
SmydA-7;0;0;0;0;1;0;0;0
CG6972;0;0;0;0;1;0;1;0
CG34203;0;0;0;0;1;0;0;0
CG13920;0;0;0;0;1;0;1;0
jp;0;0;0;0;1;0;0;0
LManI;0;0;0;0;1;0;0;0
CG4962;0;0;0;0;1;0;0;0
Ptp36E;0;0;0;0;1;0;0;0
CG4239;0;0;0;0;1;0;1;0
SmydA-3;0;0;0;0;1;0;0;0
SERCA;0;0;0;0;1;0;1;0
Cad86C;0;0;0;0;1;0;0;0
AsnS;0;0;0;0;1;0;0;0
skd;0;0;0;0;1;0;1;0
InR;0;0;0;0;1;0;0;0
CG15080;0;0;0;0;1;0;0;0
Alp12;0;0;0;0;1;0;0;0
sesB;0;0;0;0;1;0;0;0
Mical;0;0;0;0;1;0;0;0
SdhA;0;0;0;0;1;0;0;0
Nc73EF;0;0;0;0;1;0;0;0
CG13185;0;0;0;0;1;0;0;0
kug;0;0;0;0;1;0;0;0
CG12115;0;0;0;0;1;0;0;0
CG16756;0;0;0;0;1;1;0;0
Sodh-2;0;0;0;0;1;1;0;0
Fbp2;0;0;0;0;1;0;0;0
CG33301;0;0;0;0;1;0;0;0
CG15343;0;0;0;0;1;0;0;0
Mal-A4;0;0;0;0;1;0;0;0
CG31091;0;0;0;0;1;0;0;0
iotaTry;0;0;0;0;1;0;0;0
CG7214;0;0;0;0;1;0;1;0
CG14963;0;0;0;0;1;0;0;0
Adhr;0;0;0;0;1;0;0;0
Cyp311a1;0;0;0;0;1;0;0;0
CG2772;0;0;0;0;1;0;0;0
CG34256;0;0;0;0;1;0;0;0
Spn42Da;0;0;0;0;1;0;0;0
Obp99b;0;0;0;0;1;1;0;0
CG11977;0;0;0;0;1;0;0;0
DnaJ-1;0;0;0;0;1;0;0;0
CG31463;0;0;0;0;1;0;0;0
CG33306;0;0;0;0;1;0;0;0
CG31636;0;0;0;0;1;0;0;0
Amyrel;0;0;0;0;1;0;0;0
Hsp27;0;0;0;0;1;0;0;0
Cht4;0;0;0;0;1;0;0;0
CG33259;0;0;0;0;1;0;0;0
CG7025;0;0;0;0;1;0;0;0
Sgp;0;0;0;0;1;0;0;0
PPO2;0;0;0;0;1;0;1;0
CG4036;0;0;0;0;1;0;0;0
Alp6;0;0;0;0;1;0;0;0
CG15534;0;0;0;0;1;0;0;0
CG2187;0;0;0;0;1;0;0;0
CG1368;0;0;0;0;1;0;1;0
AGBE;0;0;0;0;1;1;0;0
ru;0;0;0;0;1;0;0;0
CG11037;0;0;0;0;1;0;0;0
CAH5;0;0;0;0;1;0;0;0
Acp53C14c;0;0;0;0;1;0;0;0
CG3397;0;0;0;0;1;1;0;0
CG9500;0;0;0;0;1;0;0;0
CG34129;0;0;0;0;1;0;0;0
cDIP;0;0;0;0;1;1;0;0
Sfp84E;0;0;0;0;1;0;0;0
CG32573;0;0;0;0;1;0;0;0
CG7997;0;0;0;0;1;1;0;0
CG7668;0;0;0;0;1;0;0;0
Jhe;0;0;0;0;1;0;0;0
stv;0;0;0;0;1;0;0;0
PPO1;0;0;0;0;1;0;0;0
Fmo-1;0;0;0;0;1;1;1;1
GstE9;0;0;0;0;1;1;0;0
CG6788;0;0;0;0;1;0;0;0
CG18478;0;0;0;0;1;0;0;0
sPLA2;0;0;0;0;1;1;0;0
CDase;0;0;0;0;1;0;0;0
smp-30;0;0;0;0;1;1;0;0
CG6125;0;0;0;0;1;0;0;0
lectin-37Da;0;0;0;0;1;0;0;0
CG18747;0;0;0;0;1;0;0;0
BomBc2;0;0;0;0;1;1;0;0
CG15199;0;0;0;0;1;1;0;0
CG14204;0;0;0;0;1;0;0;0
Esp;0;0;0;0;1;0;0;0
Acp29AB;0;0;0;0;1;0;0;0
Hn;0;0;0;0;1;1;0;0
CG1208;0;0;0;0;1;0;0;0
to;0;0;0;0;1;0;0;0
CG31659;0;0;0;0;1;0;0;0
CG3734;0;0;0;0;1;0;0;0
CG7322;0;0;0;0;1;1;0;0
CG15873;0;0;0;0;1;0;0;0
Ance;0;0;0;0;1;0;0;0
CG31419;0;0;0;0;1;0;0;0
CG9673;0;0;0;0;1;0;0;0
Jafrac2;0;0;0;0;1;0;0;0
Idi;0;0;0;0;1;0;0;0
Taldo;0;0;0;0;1;1;0;0
aqrs;0;0;0;0;1;0;0;0
CG18493;0;0;0;0;1;0;1;0
Culd;0;0;0;0;1;0;0;0
CG4666;0;0;0;0;1;0;0;0
mag;0;0;0;0;1;0;0;0
CG12057;0;0;0;0;1;0;0;0
CG6012;0;0;0;0;1;0;0;0
Cyp4e2;0;0;0;0;1;0;0;0
CG7328;0;0;0;0;1;0;0;0
CG18249;0;0;0;0;1;0;0;0
CHOp24;0;0;0;0;1;0;0;0
CG10560;0;0;0;0;1;0;0;0
Cyp4s3;0;0;0;0;1;1;0;0
CG6330;0;0;0;0;1;1;0;0
Acp65Aa;0;0;0;0;1;0;0;0
Npc2h;0;0;0;0;1;1;0;0
CG18302;0;0;0;0;1;0;0;0
CG31021;0;0;0;0;1;0;0;0
Cpr49Ae;0;0;0;0;1;1;0;0
CG5770;0;0;0;0;1;0;0;0
CG14629;0;0;0;0;1;1;0;0
CG8661;0;0;0;0;1;0;0;0
CG30151;0;0;0;0;1;0;0;0
Zw;0;0;0;0;1;0;0;0
CG31323;0;0;0;0;1;0;0;0
CG3301;0;0;0;0;1;1;0;0
Desat2;0;0;0;0;1;0;0;0
Gnmt;0;0;0;0;1;0;0;0
CG43111;0;0;0;0;1;0;0;0
CG8299;0;0;0;0;1;0;0;0
Nepl6;0;0;0;0;1;1;0;0
Adh;0;0;0;0;1;1;0;0
CG16727;0;0;0;0;1;0;0;0
SPE;0;0;0;0;1;1;0;0
PTPMT1;0;0;0;0;1;0;0;0
Mec2;0;0;0;0;1;0;0;0
Cyp6d2;0;0;0;0;1;0;0;0
Eglp4;0;0;0;0;1;1;0;0
Qsox1;0;0;0;0;1;0;0;0
CG5162;0;0;0;0;1;0;0;0
CG15531;0;0;0;0;1;0;1;0
GstT4;0;0;0;0;1;0;0;0
twr;0;0;0;0;1;0;0;0
CG17271;0;0;0;0;1;0;0;0
CG14615;0;0;0;0;1;0;0;0
CG34130;0;0;0;0;1;0;0;0
Spn75F;0;0;0;0;1;0;0;0
CG31751;0;0;0;0;1;0;0;0
Pgd;0;0;0;0;1;1;0;0
CG34002;0;0;0;0;1;0;0;0
CG14661;0;0;0;0;1;0;1;1
Cyp1;0;0;0;0;1;0;0;0
CG17919;0;0;0;0;1;0;0;0
CG4174;0;0;0;0;1;0;0;0
CG10651;0;0;0;0;1;0;0;0
CG15358;0;0;0;0;1;0;0;0
CG8036;0;0;0;0;1;1;0;0
CG31266;0;0;0;0;1;0;1;0
Grx1;0;0;0;0;1;0;0;0
RpS17;0;0;0;0;1;0;0;0
CG18233;0;0;0;0;1;0;0;0
CG6726;0;0;0;0;1;0;0;0
Cpr49Ab;0;0;0;0;1;0;0;0
Qsox2;0;0;0;0;1;0;0;0
CG8420;0;0;0;0;1;0;0;0
Prx2540-1;0;0;0;0;1;0;0;0
CG9953;0;0;0;0;1;0;0;0
CG13965;0;0;0;0;1;0;0;0
CG10912;0;0;0;0;1;0;0;0
Spn28Dc;0;0;0;0;1;1;0;0
CG9485;0;0;0;0;1;1;0;0
Spase25;0;0;0;0;1;0;0;0
Muc18B;0;0;0;0;1;0;0;0
ATPCL;0;0;0;0;1;0;0;0
26-29-p;0;0;0;0;1;0;0;0
antr;0;0;0;0;1;0;0;0
Mdr49;0;0;0;0;1;0;0;0
CG10822;0;0;0;0;1;0;0;0
Cndp2;0;0;0;0;1;0;0;0
casp;0;0;0;0;1;0;0;0
CG13492;0;0;0;0;1;0;0;0
cathD;0;0;0;0;1;0;0;0
Sc2;0;0;0;0;1;0;0;0
CtsB1;0;0;0;0;1;1;0;0
CG14879;0;0;0;0;1;0;0;0
CG9512;0;0;0;0;1;1;0;0
Spp;0;0;0;0;1;0;0;0
CG12990;0;0;0;0;1;0;0;0
Gp93;0;0;0;0;1;0;0;0
CG11034;0;0;0;0;1;0;0;0
CG17821;0;0;0;0;1;0;0;0
CG9747;0;0;0;0;1;0;0;0
Cyp6a8;0;0;0;0;1;0;0;0
Prosalpha4;0;0;0;0;1;0;0;0
Hmgs;0;0;0;0;1;0;0;0
Pld3;0;0;0;0;1;0;0;0
Cpr92F;0;0;0;0;1;0;0;0
CG33303;0;0;0;0;1;0;1;0
CG30008;0;0;0;0;1;0;1;0
CG7329;0;0;0;0;1;0;0;0
Ost48;0;0;0;0;1;0;0;0
CG4020;0;0;0;0;1;0;1;0
FASN2;0;0;0;0;1;0;0;0
AttA;0;0;0;0;0;1;0;0
Pdk1;0;0;0;0;0;1;0;0
CG3699;0;0;0;0;0;1;0;0
Yp1;0;0;0;0;0;1;0;0
CG32444;0;0;0;0;0;1;0;0
CG42369;0;0;0;0;0;1;0;0
ninaD;0;0;0;0;0;1;0;0
CG42367;0;0;0;0;0;1;0;0
Yp3;0;0;0;0;0;1;0;0
Obp83ef;0;0;0;0;0;1;0;0
CG6067;0;0;0;0;0;1;0;0
Obp56h;0;0;0;0;0;1;0;0
CG30503;0;0;0;0;0;1;0;0
CG15293;0;0;0;0;0;1;0;0
GNBP2;0;0;0;0;0;1;0;0
CG33493;0;0;0;0;0;1;0;0
Aldh7A1;0;0;0;0;0;1;0;0
Yp2;0;0;0;0;0;1;0;0
CG6415;0;0;0;0;0;1;0;0
CG9119;0;0;0;0;0;1;0;0
CG4847;0;0;0;0;0;1;0;0
BomBc3;0;0;0;0;0;1;0;0
CG17333;0;0;0;0;0;1;0;0
Cyp4ac2;0;0;0;0;0;1;0;0
CG9837;0;0;0;0;0;1;0;0
CG3609;0;0;0;0;0;1;0;0
CG2493;0;0;0;0;0;1;0;0
CG3534;0;0;0;0;0;1;0;0
CR10032;0;0;0;0;0;1;0;0
CG6300;0;0;0;0;0;1;0;0
CG3246;0;0;0;0;0;1;0;0
CG40160;0;0;0;0;0;1;0;0
Sptr;0;0;0;0;0;1;0;0
Galk;0;0;0;0;0;1;0;0
regucalcin;0;0;0;0;0;1;1;1
CG18547;0;0;0;0;0;1;0;0
CG9547;0;0;0;0;0;1;0;0
babos;0;0;0;0;0;1;1;0
CG32032;0;0;0;0;0;1;0;0
Nepl18;0;0;0;0;0;1;0;0
CG13607;0;0;0;0;0;1;0;0
Tsf1;0;0;0;0;0;1;0;0
CG30427;0;0;0;0;0;1;0;0
apolpp;0;0;0;0;0;1;0;0
AkhR;0;0;0;0;0;1;0;0
Nepl21;0;0;0;0;0;1;0;0
CG3829;0;0;0;0;0;1;0;0
Ssadh;0;0;0;0;0;1;0;0
Ilp2;0;0;0;0;0;1;0;0
CG8586;0;0;0;0;0;1;0;0
SCOT;0;0;0;0;0;1;0;0
CG13833;0;0;0;0;0;1;1;1
Cys;0;0;0;0;0;1;0;0
Obp56g;0;0;0;0;0;1;0;0
CG33080;0;0;0;0;0;1;0;0
CG17292;0;0;0;0;0;1;0;0
jtb;0;0;0;0;0;1;0;0
CG9391;0;0;0;0;0;1;0;0
CG31676;0;0;0;0;0;1;1;0
Fkbp14;0;0;0;0;0;1;0;0
CG14277;0;0;0;0;0;1;0;0
Acsl;0;0;0;0;0;1;0;0
CAH1;0;0;0;0;0;1;0;0
fok;0;0;0;0;0;1;0;0
RpS25;0;0;0;0;0;1;0;0
Rab1;0;0;0;0;0;1;0;0
mrva;0;0;0;0;0;1;0;0
Lamp1;0;0;0;0;0;1;0;0
Ser12;0;0;0;0;0;0;1;0
CG31681;0;0;0;0;0;0;1;0
CG43112;0;0;0;0;0;0;1;0
CG34446;0;0;0;0;0;0;1;0
asRNA:CR44035;0;0;0;0;0;0;1;0
Vha36-3;0;0;0;0;0;0;1;0
CG43074;0;0;0;0;0;0;1;0
conv;0;0;0;0;0;0;1;0
CG42562;0;0;0;0;0;0;1;0
CG30419;0;0;0;0;0;0;1;0
Had2;0;0;0;0;0;0;1;0
CG13026;0;0;0;0;0;0;1;0
serp;0;0;0;0;0;0;1;0
CG7300;0;0;0;0;0;0;1;0
CG17189;0;0;0;0;0;0;1;0
retinin;0;0;0;0;0;0;1;0
Obp19b;0;0;0;0;0;0;1;0
CG6733;0;0;0;0;0;0;1;0
AQP;0;0;0;0;0;0;1;0
CG9897;0;0;0;0;0;0;1;0
Send1;0;0;0;0;0;0;1;0
CG3348;0;0;0;0;0;0;1;0
CG7296;0;0;0;0;0;0;1;0
CG3285;0;0;0;0;0;0;1;0
CG9572;0;0;0;0;0;0;1;0
CG32277;0;0;0;0;0;0;1;0
eloF;0;0;0;0;0;0;1;0
CG31207;0;0;0;0;0;0;1;0
lectin-24Db;0;0;0;0;0;0;1;0
CG9338;0;0;0;0;0;0;1;0
CG17562;0;0;0;0;0;0;1;0
obst-E;0;0;0;0;0;0;1;0
CG33178;0;0;0;0;0;0;1;0
CG31259;0;0;0;0;0;0;1;0
CG10154;0;0;0;0;0;0;1;0
Dhc93AB;0;0;0;0;0;0;1;0
yellow-e;0;0;0;0;0;0;1;0
CG18628;0;0;0;0;0;0;1;0
CG34034;0;0;0;0;0;0;1;0
CG42780;0;0;0;0;0;0;1;0
CG14778;0;0;0;0;0;0;1;0
CG9164;0;0;0;0;0;0;1;0
CG13428;0;0;0;0;0;0;1;0
Tsp42Eo;0;0;0;0;0;0;1;0
lbm;0;0;0;0;0;0;1;0
asRNA:CR45024;0;0;0;0;0;0;1;0
CG15155;0;0;0;0;0;0;1;0
asRNA:CR46089;0;0;0;0;0;0;1;0
Fbxl7;0;0;0;0;0;0;1;0
CG7409;0;0;0;0;0;0;1;0
Ir25a;0;0;0;0;0;0;1;0
CG42361;0;0;0;0;0;0;1;0
lncRNA:CR31781;0;0;0;0;0;0;1;0
Vdup1;0;0;0;0;0;0;1;0
CG13458;0;0;0;0;0;0;1;0
CG11619;0;0;0;0;0;0;1;0
CG8854;0;0;0;0;0;0;1;0
Obp83g;0;0;0;0;0;0;1;0
asRNA:CR44021;0;0;0;0;0;0;1;0
l(2)34Fc;0;0;0;0;0;0;1;0
Tsp42En;0;0;0;0;0;0;1;0
DIP-theta;0;0;0;0;0;0;1;0
Cyp318a1;0;0;0;0;0;0;1;0
verm;0;0;0;0;0;0;1;0
CG31267;0;0;0;0;0;0;1;0
CG9459;0;0;0;0;0;0;1;0
TpnC25D;0;0;0;0;0;0;1;0
CG14153;0;0;0;0;0;0;1;0
CG8925;0;0;0;0;0;0;1;0
plh;0;0;0;0;0;0;1;0
SLC22A;0;0;0;0;0;0;1;0
asRNA:CR45831;0;0;0;0;0;0;1;0
yellow-c;0;0;0;0;0;0;1;0
tinc;0;0;0;0;0;0;1;0
NtR;0;0;0;0;0;0;1;0
CG14742;0;0;0;0;0;0;1;0
trh;0;0;0;0;0;0;1;0
Rgk3;0;0;0;0;0;0;1;0
CG30043;0;0;0;0;0;0;1;0
Tsp42Eg;0;0;0;0;0;0;1;0
CG6041;0;0;0;0;0;0;1;0
CG31189;0;0;0;0;0;0;1;0
CG3984;0;0;0;0;0;0;1;0
CG13856;0;0;0;0;0;0;1;0
CG4461;0;0;0;0;0;0;1;0
Cpr49Ah;0;0;0;0;0;0;1;0
CG13116;0;0;0;0;0;0;1;0
CG6055;0;0;0;0;0;0;1;0
b;0;0;0;0;0;0;1;0
Cpr47Ef;0;0;0;0;0;0;1;0
CG33281;0;0;0;0;0;0;1;0
CG34370;0;0;0;0;0;0;1;0
ry;0;0;0;0;0;0;1;0
Karl;0;0;0;0;0;0;1;0
Cpr47Ee;0;0;0;0;0;0;1;0
CG8908;0;0;0;0;0;0;1;0
CG7443;0;0;0;0;0;0;1;0
CG17026;0;0;0;0;0;0;1;0
CG42705;0;0;0;0;0;0;1;0
Asph;0;0;0;0;0;0;1;0
pio;0;0;0;0;0;0;1;0
CG10345;0;0;0;0;0;0;1;0
CG15629;0;0;0;0;0;0;1;0
Faa;0;0;0;0;0;0;1;0
dpy;0;0;0;0;0;0;1;0
Cyp4g15;0;0;0;0;0;0;1;0
CG8837;0;0;0;0;0;0;1;0
SPARC;0;0;0;0;0;0;1;0
SerT;0;0;0;0;0;0;1;0
NPF;0;0;0;0;0;0;1;0
CG32024;0;0;0;0;0;0;1;0
CG11029;0;0;0;0;0;0;1;0
sug;0;0;0;0;0;0;1;0
Obp57a;0;0;0;0;0;0;1;0
Mp20;0;0;0;0;0;0;1;0
kon;0;0;0;0;0;0;1;0
VGAT;0;0;0;0;0;0;1;0
CG31103;0;0;0;0;0;0;1;0
Nep7;0;0;0;0;0;0;1;0
CG32669;0;0;0;0;0;0;1;0
CG14298;0;0;0;0;0;0;1;0
CG14439;0;0;0;0;0;0;1;0
CG14259;0;0;0;0;0;0;1;0
Aplip1;0;0;0;0;0;0;1;0
dac;0;0;0;0;0;0;1;0
CG42808;0;0;0;0;0;0;1;0
Def;0;0;0;0;0;0;1;0
Stacl;0;0;0;0;0;0;1;0
CG9626;0;0;0;0;0;0;1;0
CG14109;0;0;0;0;0;0;1;0
Nepl4;0;0;0;0;0;0;1;0
CG1441;0;0;0;0;0;0;1;0
CG5023;0;0;0;0;0;0;1;0
CG10469;0;0;0;0;0;0;1;0
CG12268;0;0;0;0;0;0;1;0
CG9336;0;0;0;0;0;0;1;0
CG16904;0;0;0;0;0;0;1;0
CG31176;0;0;0;0;0;0;1;0
CG5867;0;0;0;0;0;0;1;0
CG34396;0;0;0;0;0;0;1;0
spab;0;0;0;0;0;0;1;0
Syn2;0;0;0;0;0;0;1;0
Cyp4e1;0;0;0;0;0;0;1;0
su(r);0;0;0;0;0;0;1;0
CG43092;0;0;0;0;0;0;1;0
nAChRbeta3;0;0;0;0;0;0;1;0
CG8620;0;0;0;0;0;0;1;0
igl;0;0;0;0;0;0;1;0
Cad96Ca;0;0;0;0;0;0;1;0
Rh50;0;0;0;0;0;0;1;0
CG14022;0;0;0;0;0;0;1;0
CG11892;0;0;0;0;0;0;1;0
rdo;0;0;0;0;0;0;1;0
CG42495;0;0;0;0;0;0;1;0
CG12780;0;0;0;0;0;0;1;0
CG9427;0;0;0;0;0;0;1;0
CG10311;0;0;0;0;0;0;1;0
CG14655;0;0;0;0;0;0;1;0
CG15406;0;0;0;0;0;0;1;0
CG33054;0;0;0;0;0;0;1;0
CG43093;0;0;0;0;0;0;1;0
CG31100;0;0;0;0;0;0;1;0
GstE10;0;0;0;0;0;0;1;0
zormin;0;0;0;0;0;0;1;0
CG32195;0;0;0;0;0;0;1;0
Pcyt2;0;0;0;0;0;0;1;0
2mit;0;0;0;0;0;0;1;0
CG15546;0;0;0;0;0;0;1;0
CG31706;0;0;0;0;0;0;1;0
CG15673;0;0;0;0;0;0;1;0
Act87E;0;0;0;0;0;0;1;0
CG7497;0;0;0;0;0;0;1;0
CG42394;0;0;0;0;0;0;1;0
Npc2b;0;0;0;0;0;0;1;0
Ugt317A1;0;0;0;0;0;0;1;0
Tsp;0;0;0;0;0;0;1;0
CG42663;0;0;0;0;0;0;1;0
CG11275;0;0;0;0;0;0;1;0
unc79;0;0;0;0;0;0;1;0
Vha68-1;0;0;0;0;0;0;1;0
yellow-d;0;0;0;0;0;0;1;0
CG10126;0;0;0;0;0;0;1;0
Ca-alpha1D;0;0;0;0;0;0;1;0
CHKov1;0;0;0;0;0;0;1;0
lncRNA:CR44645;0;0;0;0;0;0;1;0
CG11044;0;0;0;0;0;0;1;0
NaPi-T;0;0;0;0;0;0;1;0
CG1607;0;0;0;0;0;0;1;0
asRNA:CR44029;0;0;0;0;0;0;1;0
sls;0;0;0;0;0;0;1;0
Obp57c;0;0;0;0;0;0;1;0
CG9628;0;0;0;0;0;0;1;0
qsm;0;0;0;0;0;0;1;0
CG9297;0;0;0;0;0;0;1;0
CG6465;0;0;0;0;0;0;1;0
Pgcl;0;0;0;0;0;0;1;0
Adk1;0;0;0;0;0;0;1;0
Fad2;0;0;0;0;0;0;1;0
CG9702;0;0;0;0;0;0;1;0
Nep1;0;0;0;0;0;0;1;0
SPR;0;0;0;0;0;0;1;0
TyrR;0;0;0;0;0;0;1;0
CG9458;0;0;0;0;0;0;1;0
CG8547;0;0;0;0;0;0;1;0
Rgk2;0;0;0;0;0;0;1;0
CAH9;0;0;0;0;0;0;1;0
Cow;0;0;0;0;0;0;1;0
CG6432;0;0;0;0;0;0;1;0
CG42319;0;0;0;0;0;0;1;0
RhoGAP100F;0;0;0;0;0;0;1;0
Adat1;0;0;0;0;0;0;1;0
CG5506;0;0;0;0;0;0;1;0
CG14275;0;0;0;0;0;0;1;0
CG11155;0;0;0;0;0;0;1;0
hebe;0;0;0;0;0;0;1;0
CG2082;0;0;0;0;0;0;1;0
ckd;0;0;0;0;0;0;1;0
CG17739;0;0;0;0;0;0;1;0
CG31199;0;0;0;0;0;0;1;0
CG33110;0;0;0;0;0;0;1;0
CG44085;0;0;0;0;0;0;1;0
olf413;0;0;0;0;0;0;1;0
CG13796;0;0;0;0;0;0;1;0
CG8500;0;0;0;0;0;0;1;0
Timp;0;0;0;0;0;0;1;0
CG30069;0;0;0;0;0;0;1;0
CG13124;0;0;0;0;0;0;1;0
CG11409;0;0;0;0;0;0;1;0
AANAT1;0;0;0;0;0;0;1;0
CG1124;0;0;0;0;0;0;1;0
LysP;0;0;0;0;0;0;1;0
CG1673;0;0;0;0;0;0;1;0
NaCP60E;0;0;0;0;0;0;1;0
bdl;0;0;0;0;0;0;1;0
CG7910;0;0;0;0;0;0;1;0
Drip;0;0;0;0;0;0;1;0
CG6310;0;0;0;0;0;0;1;0
CG10512;0;0;0;0;0;0;1;0
ND-MWFE;0;0;0;0;0;0;1;0
CG32112;0;0;0;0;0;0;1;0
Gpdh1;0;0;0;0;0;0;1;0
Cyp4g1;0;0;0;0;0;0;1;0
CG17278;0;0;0;0;0;0;1;0
htl;0;0;0;0;0;0;1;0
CG3036;0;0;0;0;0;0;1;0
CG31808;0;0;0;0;0;0;1;0
ND-B14-5B;0;0;0;0;0;0;1;0
RIC-3;0;0;0;0;0;0;1;0
CG5346;0;0;0;0;0;0;1;0
CG14777;0;0;0;0;0;0;1;0
Hacd1;0;0;0;0;0;0;1;0
Ugt36D1;0;0;0;0;0;0;1;0
CG7378;0;0;0;0;0;0;1;0
CG2017;0;0;0;0;0;0;1;0
CG5597;0;0;0;0;0;0;1;0
CG11752;0;0;0;0;0;0;1;0
egr;0;0;0;0;0;0;1;0
CG7920;0;0;0;0;0;0;1;0
CG9399;0;0;0;0;0;0;1;0
Idgf1;0;0;0;0;0;0;1;0
CG7382;0;0;0;0;0;0;1;0
ND-MLRQ;0;0;0;0;0;0;1;0
uzip;0;0;0;0;0;0;1;0
ND-B14-5A;0;0;0;0;0;0;1;0
sun;0;0;0;0;0;0;1;0
Vha14-1;0;0;0;0;0;0;1;0
Cat;0;0;0;0;0;0;1;0
CG17549;0;0;0;0;0;0;1;0
Cyp9b2;0;0;0;0;0;0;1;0
CG14818;0;0;0;0;0;0;1;0
GstE12;0;0;0;0;0;0;1;0
hdly;0;0;0;0;0;0;1;0
CG13585;0;0;0;0;0;0;1;0
CG31523;0;0;0;0;0;0;1;0
CG17508;0;0;0;0;0;0;1;0
cora;0;0;0;0;0;0;1;0
SelT;0;0;0;0;0;0;1;0
dnr1;0;0;0;0;0;0;1;0
Inos;0;0;0;0;0;0;1;0
CG1640;0;0;0;0;0;0;1;0
MSBP;0;0;0;0;0;0;1;0
CG13737;0;0;0;0;0;0;1;0
Tollo;0;0;0;0;0;0;1;0
Cp38;0;0;0;0;0;0;1;0
Cad74A;0;0;0;0;0;0;1;0
Cp36;0;0;0;0;0;0;1;0
CG33129;0;0;0;0;0;0;1;0
Zip88E;0;0;0;0;0;0;1;0
CR18217;0;0;0;0;0;0;1;0
Cht2;0;0;0;0;0;0;1;0
srp;0;0;0;0;0;0;1;0
CG11263;0;0;0;0;0;0;1;0
CG8607;0;0;0;0;0;0;1;0
CG15312;0;0;0;0;0;0;1;0
CG44838;0;0;0;0;0;0;1;0
sced;0;0;0;0;0;0;1;0
CG14005;0;0;0;0;0;0;1;0
Smr;0;0;0;0;0;0;1;0
Sf3b3;0;0;0;0;0;0;1;0
sl;0;0;0;0;0;0;1;0
CG8243;0;0;0;0;0;0;1;0
tws;0;0;0;0;0;0;1;0
Pcl;0;0;0;0;0;0;1;0
Nost;0;0;0;0;0;0;1;0
dao;0;0;0;0;0;0;1;0
Drep2;0;0;0;0;0;0;1;0
Capr;0;0;0;0;0;0;1;0
Caf1-180;0;0;0;0;0;0;1;0
gnu;0;0;0;0;0;0;1;0
Su(Tpl);0;0;0;0;0;0;1;0
pcs;0;0;0;0;0;0;1;0
Sk2;0;0;0;0;0;0;1;0
Ada2b;0;0;0;0;0;0;1;0
TMEM216;0;0;0;0;0;0;1;0
CG6066;0;0;0;0;0;0;1;0
wge;0;0;0;0;0;0;1;0
CG3894;0;0;0;0;0;0;1;0
Pi3K21B;0;0;0;0;0;0;1;0
Marf1;0;0;0;0;0;0;1;0
CG32066;0;0;0;0;0;0;1;0
dlp;0;0;0;0;0;0;1;0
Eip63E;0;0;0;0;0;0;1;0
Ipk2;0;0;0;0;0;0;1;0
RhoGAP71E;0;0;0;0;0;0;1;0
fs(1)N;0;0;0;0;0;0;1;0
SKIP;0;0;0;0;0;0;1;0
stau;0;0;0;0;0;0;1;0
rb;0;0;0;0;0;0;1;0
CG4502;0;0;0;0;0;0;1;0
mld;0;0;0;0;0;0;1;0
rdx;0;0;0;0;0;0;1;0
bin3;0;0;0;0;0;0;1;0
CCT6;0;0;0;0;0;0;1;1
CG34401;0;0;0;0;0;0;1;0
l(3)05822;0;0;0;0;0;0;1;0
mod(mdg4);0;0;0;0;0;0;1;0
snf;0;0;0;0;0;0;1;0
Cpsf5;0;0;0;0;0;0;1;0
magu;0;0;0;0;0;0;1;0
kuz;0;0;0;0;0;0;1;0
wde;0;0;0;0;0;0;1;0
Nf-YC;0;0;0;0;0;0;1;0
bif;0;0;0;0;0;0;1;0
Tsc1;0;0;0;0;0;0;1;0
sktl;0;0;0;0;0;0;1;0
CG7718;0;0;0;0;0;0;1;0
Socs16D;0;0;0;0;0;0;1;0
cic;0;0;0;0;0;0;1;0
srl;0;0;0;0;0;0;1;0
Gug;0;0;0;0;0;0;1;0
tral;0;0;0;0;0;0;1;0
snama;0;0;0;0;0;0;1;0
slpr;0;0;0;0;0;0;1;0
Nup62;0;0;0;0;0;0;1;0
Pez;0;0;0;0;0;0;1;0
dUTPase;0;0;0;0;0;0;1;0
CG10555;0;0;0;0;0;0;1;0
E23;0;0;0;0;0;0;1;0
BTBD9;0;0;0;0;0;0;1;0
CG7332;0;0;0;0;0;0;1;0
MAN1;0;0;0;0;0;0;1;0
CG11873;0;0;0;0;0;0;1;0
CG8668;0;0;0;0;0;0;1;0
stx;0;0;0;0;0;0;1;0
osk;0;0;0;0;0;0;1;0
spir;0;0;0;0;0;0;1;0
Cyp6v1;0;0;0;0;0;0;1;0
Ssdp;0;0;0;0;0;0;1;0
CG4080;0;0;0;0;0;0;1;0
pico;0;0;0;0;0;0;1;0
gpp;0;0;0;0;0;0;1;0
osa;0;0;0;0;0;0;1;0
PTP-ER;0;0;0;0;0;0;1;0
Lkb1;0;0;0;0;0;0;1;0
Hr96;0;0;0;0;0;0;1;0
Sema2a;0;0;0;0;0;0;1;0
RhoGAPp190;0;0;0;0;0;0;1;0
CG10702;0;0;0;0;0;0;1;0
mim;0;0;0;0;0;0;1;0
Taf4;0;0;0;0;0;0;1;0
Syx18;0;0;0;0;0;0;1;0
AP-1mu;0;0;0;0;0;0;1;0
Hph;0;0;0;0;0;0;1;0
clos;0;0;0;0;0;0;1;0
CG9328;0;0;0;0;0;0;1;0
CG17746;0;0;0;0;0;0;1;0
viaf;0;0;0;0;0;0;1;0
CG2162;0;0;0;0;0;0;1;0
CG9705;0;0;0;0;0;0;1;0
pps;0;0;0;0;0;0;1;0
for;0;0;0;0;0;0;1;0
CCT3;0;0;0;0;0;0;1;0
CG2938;0;0;0;0;0;0;1;0
rngo;0;0;0;0;0;0;1;0
mu2;0;0;0;0;0;0;1;0
cdi;0;0;0;0;0;0;1;0
CG14322;0;0;0;0;0;0;1;0
Fsn;0;0;0;0;0;0;1;0
CG5445;0;0;0;0;0;0;1;0
Ssrp;0;0;0;0;0;0;1;0
heph;0;0;0;0;0;0;1;0
RanBPM;0;0;0;0;0;0;1;0
CG3368;0;0;0;0;0;0;1;0
CASK;0;0;0;0;0;0;1;0
jvl;0;0;0;0;0;0;1;0
CG6695;0;0;0;0;0;0;1;0
CG13917;0;0;0;0;0;0;1;0
eRF3;0;0;0;0;0;0;1;0
roq;0;0;0;0;0;0;1;0
TTLL4A;0;0;0;0;0;0;1;0
CG12237;0;0;0;0;0;0;1;0
pelo;0;0;0;0;0;0;1;0
pum;0;0;0;0;0;0;1;0
AP-1-2beta;0;0;0;0;0;0;1;0
ced-6;0;0;0;0;0;0;1;0
psq;0;0;0;0;0;0;1;0
MTA1-like;0;0;0;0;0;0;1;0
CCT4;0;0;0;0;0;0;1;0
Dp;0;0;0;0;0;0;1;0
l(2)gl;0;0;0;0;0;0;1;0
Uggt;0;0;0;0;0;0;1;0
capt;0;0;0;0;0;0;1;0
scny;0;0;0;0;0;0;1;0
eIF3a;0;0;0;0;0;0;1;0
GCS2beta;0;0;0;0;0;0;1;0
mRpS29;0;0;0;0;0;0;0;1
cac;0;0;0;0;0;0;0;1
sm;0;0;0;0;0;0;0;1
CG14160;0;0;0;0;0;0;0;1
CPT2;0;0;0;0;0;0;0;1
cyst;0;0;0;0;0;0;0;1
Gr64a;0;0;0;0;0;0;0;1
CG4998;0;0;0;0;0;0;0;1
CCKLR-17D1;0;0;0;0;0;0;0;1
Ir100a;0;0;0;0;0;0;0;1
grau;0;0;0;0;0;0;0;1
Unc-76;0;0;0;0;0;0;0;1
CG31663;0;0;0;0;0;0;0;1
Npc2c;0;0;0;0;0;0;0;1
spel1;0;0;0;0;0;0;0;1
Ugt302C1;0;0;0;0;0;0;0;1
Cyp4d1;0;0;0;0;0;0;0;1
Cyp9f2;0;0;0;0;0;0;0;1
Hexo1;0;0;0;0;0;0;0;1
Su(var)205;0;0;0;0;0;0;0;1
CG31683;0;0;0;0;0;0;0;1
CG17477;0;0;0;0;0;0;0;1
chinmo;0;0;0;0;0;0;0;1
CG7968;0;0;0;0;0;0;0;1
CG6277;0;0;0;0;0;0;0;1
Cht8;0;0;0;0;0;0;0;1
crq;0;0;0;0;0;0;0;1
CG17636;0;0;0;0;0;0;0;1
ea;0;0;0;0;0;0;0;1
Cdc42;0;0;0;0;0;0;0;1
CG9150;0;0;0;0;0;0;0;1
HERC2;0;0;0;0;0;0;0;1
CG12056;0;0;0;0;0;0;0;1
CG8028;0;0;0;0;0;0;0;1
GNBP1;0;0;0;0;0;0;0;1
Cyp9b1;0;0;0;0;0;0;0;1
CG30158;0;0;0;0;0;0;0;1
CG31106;0;0;0;0;0;0;0;1
FRG1;0;0;0;0;0;0;0;1
CG4928;0;0;0;0;0;0;0;1
Pxt;0;0;0;0;0;0;0;1
Rh6;0;0;0;0;0;0;0;1
CG15923;0;0;0;0;0;0;0;1
Nep5;0;0;0;0;0;0;0;1
IRSp53;0;0;0;0;0;0;0;1
CG30471;0;0;0;0;0;0;0;1
CG4572;0;0;0;0;0;0;0;1
CG17776;0;0;0;0;0;0;0;1
Cpr57A;0;0;0;0;0;0;0;1
CG15744;0;0;0;0;0;0;0;1
Spase12;0;0;0;0;0;0;0;1
clt;0;0;0;0;0;0;0;1
Galphaq;0;0;0;0;0;0;0;1
CG43333;0;0;0;0;0;0;0;1
CG7252;0;0;0;0;0;0;0;1
Rh5;0;0;0;0;0;0;0;1
Gbeta76C;0;0;0;0;0;0;0;1
Rh3;0;0;0;0;0;0;0;1
trpl;0;0;0;0;0;0;0;1
Gnpnat;0;0;0;0;0;0;0;1
CG17272;0;0;0;0;0;0;0;1
Dyrk2;0;0;0;0;0;0;0;1
CG9917;0;0;0;0;0;0;0;1
CG2004;0;0;0;0;0;0;0;1
